10
3
17 14 13
3 1 5
0 1 2
5
69 329 276 404 392
6 10 6 5 10
4 1 3 2 0
10
58 579 359 867 476 114 421 355 969 86
26 11 24 16 21 30 22 23 10 18
9 2 5 1 3 7 4 6 0 8
10
81 50 7 135 127 39 99 95 159 102
10 5 10 2 3 6 9 9 4 2
3 8 7 5 4 9 1 2 0 6
10
236 117 82 280 9 247 259 197 98 382
11 14 23 24 27 10 15 10 22 10
1 2 8 3 4 9 0 6 5 7
20
57 268 805 475 207 833 627 601 678 168 186 113 532 112 716 445 471 639 686 748
7 5 3 5 8 5 3 5 5 6 5 5 1 8 10 2 5 8 8 2
19 13 2 9 14 0 8 7 6 16 15 18 10 17 1 12 11 5 3 4
20
341 467 191 177 721 739 613 290 434 650 156 729 309 738 168 322 501 75 236 547
72 35 76 78 45 33 34 70 40 48 64 33 67 28 88 50 78 84 57 29
7 12 14 15 0 3 6 10 13 2 19 4 9 5 11 16 1 17 18 8
50
558 274 367 389 471 378 468 242 265 416 447 195 268 235 447 214 317 338 342 215 211 361 361 438 313 236 381 455 380 268 235 301 280 504 258 336 593 579 280 414 382 306 487 174 216 548 421 473 355 288
50 88 79 75 60 73 61 93 90 70 68 97 88 91 66 95 81 79 80 93 98 75 76 70 83 91 74 64 76 91 90 82 90 57 92 82 50 51 88 67 76 81 62 99 94 54 72 60 78 83
41 21 1 11 48 37 43 14 15 23 9 28 27 36 24 25 34 29 18 40 5 38 30 2 22 35 26 32 12 4 44 42 0 39 6 8 7 13 16 49 10 45 17 33 31 19 3 46 20 47
50
202 139 127 600 794 120 689 488 425 420 416 618 404 41 507 810 239 329 199 804 504 602 140 497 518 338 772 395 594 811 405 307 110 203 795 787 802 303 299 718 398 574 295 588 697 147 482 305 784 431
8 9 9 4 2 9 3 5 6 6 6 4 6 10 5 2 8 7 8 2 5 4 9 5 5 7 2 6 4 2 6 7 9 8 2 2 2 7 7 3 6 4 7 4 3 9 5 7 2 6
45 14 26 23 17 33 28 41 10 15 19 5 31 18 22 2 8 12 48 7 25 21 13 32 11 3 39 40 29 1 30 34 43 44 16 24 9 38 42 0 37 49 46 35 20 6 47 36 27 4
50
537 726 832 643 593 864 768 626 555 651 825 570 581 601 906 569 572 929 917 564 923 905 614 532 625 936 724 565 719 890 535 696 534 611 846 806 953 731 778 629 756 913 775 771 693 611 910 895 613 877
10 6 3 8 9 3 5 8 10 7 3 9 9 9 2 9 9 1 1 10 1 2 8 10 8 1 6 10 6 2 10 7 10 9 3 4 1 6 4 8 5 2 5 5 6 8 1 2 9 2
23 29 11 22 35 5 45 37 34 24 15 7 16 10 40 48 38 6 44 4 9 1 12 3 18 20 19 27 46 26 36 49 31 13 32 8 17 30 33 14 25 39 28 43 42 41 0 47 2 21
