10
3
3 8 5
3 1 3
2 1 0
3
2 8 5
3 1 3
2 1 0
3
4 8 5
3 1 3
2 1 0
3
3 8 4
3 1 3
2 1 0
3
3 8 6
3 1 3
2 1 0
3
3 8 5
3 2 3
2 1 0
20
758 720 327 212 537 582 306 902 484 259 661 668 452 339 107 589 701 34 161 247
10 3 5 10 10 2 9 1 5 6 1 5 6 3 10 9 5 10 1 10
0 3 13 14 6 8 11 1 9 16 7 5 10 15 17 4 2 18 19 12
50
990 997 954 977 950 951 956 958 988 975 993 992 985 962 984 973 959 970 994 989 983 974 998 972 963 961 978 980 964 967 981 999 969 987 968 986 1000 955 982 953 976 979 991 966 960 965 952 957 996 995
54 55 76 74 83 74 55 61 95 51 80 59 64 77 62 89 99 95 95 74 59 70 86 54 77 75 62 86 52 99 95 55 65 69 62 59 67 83 52 88 95 70 67 76 61 87 94 64 56 86
10 3 45 23 49 48 43 41 12 25 7 8 15 37 16 27 40 29 6 11 17 26 2 28 36 38 22 20 35 32 19 1 30 13 31 14 0 44 18 46 24 21 9 33 39 34 47 42 4 5
50
613 933 801 459 410 441 867 601 507 914 716 726 750 451 541 635 748 419 835 602 788 581 548 669 427 733 509 626 898 782 936 928 938 521 794 437 562 859 740 498 606 432 511 575 644 940 892 760 612 932
6 1 3 9 10 9 2 6 8 1 4 4 4 9 7 6 4 9 2 6 3 7 7 5 9 4 8 6 1 3 1 1 1 8 3 9 7 2 4 8 6 9 8 7 6 1 1 4 6 1
32 8 22 10 0 27 15 44 21 26 47 37 14 18 45 11 16 49 46 43 34 6 38 35 41 30 19 20 42 40 5 13 3 7 28 31 25 23 24 29 39 36 17 12 2 1 48 4 33 9
50
957 951 950 977 955 954 949 987 991 983 977 965 953 994 947 976 968 970 990 966 999 960 988 983 973 980 964 982 947 982 965 953 951 993 990 965 979 984 983 975 987 959 959 968 974 963 958 954 971 944
2 10 1 6 2 4 1 9 8 5 10 5 7 1 9 6 6 3 8 6 1 7 6 10 2 1 7 3 8 2 3 1 2 4 1 4 1 8 7 3 2 6 3 8 5 3 5 10 6 8
42 16 6 35 19 14 39 17 33 4 7 0 9 10 21 29 45 48 13 36 12 47 27 23 18 24 40 28 43 2 22 34 41 1 49 37 46 38 25 5 15 20 31 8 30 3 11 32 26 44
