10
100
6796 7755 9256 6196 3639 6615 2502 6227 7640 6347 6587 4902 8338 5797 5733 6097 6198 7751 5681 5498 8310 6002 6338 2736 5580 4998 5198 3334 4183 4161 9224 7156 4926 8045 6629 5153 5099 7918 4052 8351 7574 5573 3141 4193 5280 5180 5321 3695 3803 4406 3491 8116 5872 4316 7118 4960 7105 6203 7620 7457 6952 8217 4643 7135 5522 6757 5744 5002 7419 2578 4868 5646 5618 6428 5353 8284 6073 4382 6489 3465 8249 7006 5039 2503 8206 7015 4452 4947 3390 5620 4235 4329 5420 5378 6618 3777 5071 6043 4340 6045
3 3 1 5 8 4 10 6 4 3 5 8 2 5 6 7 5 4 6 7 1 7 4 10 6 8 7 9 7 9 1 5 8 2 4 6 8 2 10 2 4 7 9 9 7 6 8 9 8 7 10 1 4 9 3 6 4 5 2 3 5 2 7 5 7 5 6 6 2 10 6 5 5 4 7 1 4 10 4 10 2 4 6 10 2 5 8 7 10 7 9 10 5 8 3 8 8 5 8 6
77 25 9 54 95 61 98 16 7 99 30 32 23 71 47 0 53 1 51 27 58 5 72 86 56 24 45 82 96 42 12 3 29 43 59 76 17 49 15 21 10 22 92 40 41 75 13 68 88 84 48 69 94 36 64 85 34 52 66 44 14 33 74 4 26 18 46 81 73 93 90 78 79 70 37 60 83 2 67 50 31 39 80 97 35 11 57 62 55 20 38 6 91 8 87 89 19 63 65 28
100
6442139 6593447 6441734 6593316 2506645 5836815 8409964 5912802 3944109 6669010 5609600 2885123 8712503 7425779 2430910 5609866 7804488 5685372 8712892 6214677 4020084 5231481 5685762 5231258 7501669 8561437 4096141 9167062 5836738 2657477 2506932 7350251 2884478 6215538 2733425 6441997 3490151 7426485 9167263 4852930 4247275 5155436 6972244 8636752 7729059 6669260 9015172 7274567 7502201 6366321 8410347 3339269 3717047 8107418 3036094 4171541 6593636 3490436 8333980 3414297 4323044 8636929 8107503 9242772 3565929 6139390 7426228 5079496 6139266 4928354 5609437 8106921 7955794 4246996 4247113 8334356 3262958 7729229 8183327 7198993 9015150 2430693 7123025 7350242 3641300 6518253 4020365 4928691 3414391 8485517 8410235 7729359 8333889 4247641 8486228 4474480 5004596 8333988 8864447 4398695
47 45 47 45 99 55 21 54 80 44 58 94 17 34 100 58 29 57 17 50 79 63 57 63 33 19 78 11 55 97 99 35 94 50 96 47 86 34 11 68 76 64 40 18 30 44 13 36 33 48 21 88 83 25 92 77 45 86 22 87 75 18 25 10 85 51 34 65 51 67 58 25 27 76 76 22 89 30 24 37 13 100 38 35 84 46 79 67 87 20 21 30 22 76 20 73 66 22 15 74
50 59 97 77 26 33 56 5 92 75 48 22 79 82 32 21 53 41 36 96 60 15 4 39 62 44 17 31 42 85 2 69 95 6 58 72 76 10 12 27 46 54 19 84 24 45 86 66 7 68 14 18 93 34 67 49 38 43 90 94 37 70 23 28 64 51 35 81 65 57 73 89 61 78 63 47 88 11 13 52 91 55 83 71 98 8 29 20 80 74 25 0 99 9 1 30 3 87 16 40
100
915797960 921460922 916240915 916463964 918995086 918145911 914280894 921720131 916760994 916724449 914854289 916196747 916891256 915761527 922576572 920820729 920650091 914710118 915435895 915675391 921651731 915343102 919072471 914623222 917789003 919771805 920979866 916716124 919988242 919383835 921124383 914591682 915319053 914318105 920307801 914041151 918059264 919364106 919269850 916851518 920849959 918167262 915220990 921349500 917099105 918951264 914965583 917696866 919250046 915384273 919908052 921454532 918265143 920470381 917790688 919913425 919034071 920189433 918852257 921314143 921637276 917437993 915304076 916168802 917141090 918399874 919134887 922184271 921870747 920458675 920155699 917335215 920010031 921528268 916477674 920460843 919263944 914131668 914241177 917483812 915595096 919962384 919121647 920090721 915275303 915466648 915947204 917706429 918361289 914929980 918048180 921763721 919410297 920859063 918748445 916386442 916505999 919354146 921855445 920864707
979085 913243 973942 971343 941916 951786 996729 910230 967895 968315 990061 974451 966374 979515 900270 920689 922665 991736 983295 980509 911024 984371 941010 992742 955938 932878 918829 968409 930364 937397 917154 993111 984660 996296 926642 999513 952795 937623 938722 966840 920349 951541 985795 914539 963958 942426 988764 957009 938944 983897 931300 913317 950395 924754 955914 931231 941457 928027 943577 914943 911188 960013 984829 974770 963470 948830 940284 904832 908475 924889 928414 961208 930105 912452 971181 924865 938784 998466 997184 959484 981445 930664 940435 929173 985168 982943 977358 956892 949285 989179 952917 909717 937084 920243 944785 972244 970853 937738 908651 920172
74 16 8 49 12 45 37 9 4 40 41 42 54 17 22 1 73 56 76 84 20 98 65 95 30 66 85 69 39 2 33 82 18 38 97 75 32 29 7 24 3 23 63 13 47 10 72 31 81 55 14 21 89 83 70 71 59 25 11 78 50 90 60 96 44 77 67 15 36 88 68 91 92 87 79 80 61 28 99 51 62 48 93 35 26 27 0 86 19 58 94 57 43 5 6 53 64 34 52 46
500
9034 8581 8676 8992 8018 8214 8642 8459 8349 8289 8193 8484 8012 9513 8014 8549 8120 9392 8941 8607 9680 8881 9069 7852 8410 9609 9024 8401 8629 8402 8734 8304 9936 9695 9477 8417 8165 8926 9676 8011 8128 9466 8479 9340 9809 9222 9407 9077 9624 9106 9651 8160 8878 8537 7851 9855 9198 8151 8730 8150 8278 8534 9790 8451 9239 8881 9083 9082 8292 9851 9524 8999 8306 9184 8541 8112 9600 9409 8369 9206 8338 8608 8363 9863 8524 9462 9260 8173 9500 9235 8253 9543 8495 9183 9570 8092 9656 9360 9376 9153 8408 9826 9237 8776 7978 8613 8870 9635 9531 9795 9677 9796 8961 9409 9375 8340 9146 9612 8702 8189 9219 8987 8836 8930 8011 7860 9437 8216 9351 8842 8112 8973 8391 8650 9872 8803 8948 9594 8892 9091 9778 9390 9878 8243 8774 9066 8194 8043 9482 8604 8510 7884 8653 9949 8411 9623 9015 9185 8551 8634 9514 8118 9370 8593 8261 9664 9371 7922 7936 9135 8050 9810 9905 8497 8084 8792 9373 9404 9058 8444 8222 8982 8527 9551 9085 8572 8655 9039 8361 8132 7912 8020 9568 8087 8416 8090 8946 8670 9363 8930 9813 8769 9050 8407 8643 9747 8034 9060 9708 9384 8625 8039 8228 8622 8836 9583 8744 8061 9559 9711 9047 8038 8163 8369 9050 8794 9007 8346 9555 8741 9871 8767 9643 8591 8404 9611 9335 9192 9501 9756 8770 9111 8986 8931 8676 8672 9783 8319 8381 8036 9418 8339 9264 8769 8983 8548 8204 8467 8213 8190 8613 8336 9100 9393 9709 8835 9512 8700 8614 9864 8318 8785 9253 9555 9315 9375 9686 9596 9799 9069 8276 9046 8905 9094 8422 8280 8077 8473 9692 9902 8519 8232 8264 9426 9829 8639 9517 9339 8264 9872 9195 8445 8560 9406 9572 9523 9783 9471 8560 9189 9022 9765 9587 8325 9870 7998 8420 8334 7967 8908 8723 9387 8796 8987 8498 7850 9064 9435 9227 9890 8515 9464 8779 9238 9659 9566 8031 9475 8327 9089 9461 8997 9674 8461 8106 8768 8222 8812 9747 8543 9104 8649 8261 8412 8802 9392 9575 9603 9872 9384 8900 9912 8518 9398 8437 8439 9008 9097 9151 9005 8796 9411 8493 9186 7871 9244 7959 8585 9639 8665 8339 9345 9922 9957 9409 8450 8443 8598 9840 9152 8708 8819 9804 9874 8809 8018 9250 8122 8978 8547 8488 8148 7843 8711 9659 9487 8268 8638 8184 8316 7977 8017 8707 7963 8459 9417 8946 8725 9547 8188 8779 8065 9709 8553 8870 9614 8961 8401 8495 8239 9228 8944 8183 9637 7870 9933 8412 8688 9050 8317 9386 9222 8975 8650 9171 8622 8029 8545 7912 9787 9120 8835 8568 9837 8035 9823 8410 9670 8737 8520 8029 9453 8564 8404 9408 8525 8307 9813 9693 7926 9669 8353 8898 8242 8868 9161 9506 7846 8687 9480 7845 8149 8925 9804 8511 9317 8980 9569 8273 8976 7927 8055 8159 8197 8902 9147 8228 8661 8530 8353
3 8 8 7 8 6 7 9 1 6 6 7 7 10 3 3 4 7 10 3 3 2 5 10 2 5 8 7 1 6 8 3 3 3 8 1 2 7 10 6 3 5 1 7 1 3 4 3 2 9 8 8 1 9 8 7 5 9 9 1 3 6 6 7 1 1 10 9 10 7 8 7 3 3 1 5 8 6 3 9 2 3 8 6 10 10 10 3 9 3 5 3 4 8 4 10 4 1 3 4 1 2 9 7 8 5 7 10 2 3 3 2 3 7 9 1 2 4 10 2 4 5 3 7 10 7 1 3 2 7 10 6 8 6 5 4 6 3 7 3 2 7 5 7 2 7 3 8 7 10 6 10 4 1 5 4 3 4 4 10 8 8 4 1 4 3 7 7 6 4 2 2 2 2 10 1 7 6 6 5 2 8 5 10 10 2 1 9 4 3 5 3 2 6 5 3 5 7 1 5 4 10 8 6 8 10 6 10 6 10 7 7 2 3 7 9 6 5 9 9 6 4 9 10 10 6 2 4 8 4 3 10 10 7 9 8 6 2 4 7 5 10 6 3 7 9 5 5 1 6 1 9 1 9 9 1 7 7 3 5 1 8 3 3 1 8 10 3 5 3 7 7 3 9 1 7 4 8 9 8 8 10 6 4 4 1 6 1 6 3 10 5 9 6 6 3 8 8 6 1 9 5 3 9 5 3 6 10 8 9 7 1 2 5 6 1 4 9 4 10 2 9 4 8 3 8 10 10 8 3 6 7 10 2 2 3 2 5 9 8 7 1 10 1 1 7 4 1 1 8 5 9 10 6 2 5 4 9 6 2 2 2 3 1 7 9 8 3 7 6 3 2 10 7 9 5 9 6 9 7 2 9 3 2 4 2 6 1 1 2 2 2 5 4 10 1 1 8 6 1 7 4 10 10 5 5 10 1 2 5 7 1 6 7 7 5 2 1 5 7 2 10 8 1 5 5 10 9 10 10 9 4 9 1 10 2 8 8 4 7 5 10 6 1 2 7 3 3 6 5 1 5 2 4 10 5 1 7 6 3 2 9 10 3 6 10 6 3 2 9 7 10 3 6 3 7 9 8 4 1 9 5 2 1 8 8 7 1 5 7 10 8 7 2 9 8 1 10 2 6
221 301 277 212 460 420 291 325 409 402 425 332 465 74 480 338 455 117 208 321 64 255 197 486 388 76 194 363 324 368 265 411 1 62 94 392 453 228 33 469 458 113 376 133 44 171 131 211 87 167 50 424 263 308 496 2 164 422 259 461 419 323 24 343 178 262 170 176 379 4 81 210 410 182 357 450 59 119 395 150 407 320 367 6 305 88 135 445 82 165 415 102 349 156 92 430 67 152 142 183 396 37 146 256 468 310 237 43 111 39 66 42 235 115 114 414 193 79 261 446 163 223 264 226 451 499 136 435 148 242 426 222 360 292 11 266 227 91 231 205 48 118 9 405 285 190 440 454 99 289 329 478 302 12 372 77 225 174 328 278 84 434 140 336 418 71 126 484 485 187 476 40 19 364 432 286 125 122 195 362 439 207 331 63 168 337 317 186 390 457 495 479 100 452 370 466 230 287 151 232 28 246 189 366 290 18 464 177 45 107 294 459 437 316 244 58 269 462 65 30 199 472 417 353 179 257 229 398 72 282 20 247 41 303 344 55 137 184 109 27 268 160 218 240 284 274 32 400 403 463 141 369 169 250 200 354 416 340 436 431 327 377 203 138 70 239 75 298 309 21 386 254 159 68 157 124 57 61 8 185 393 181 233 196 374 428 456 378 49 13 307 421 389 116 17 313 83 128 404 29 153 361 333 106 85 108 26 86 306 154 201 53 97 399 5 494 375 371 488 217 296 112 267 206 358 497 175 95 149 16 326 101 243 172 78 98 481 110 373 180 103 236 34 381 471 260 427 279 56 312 191 280 385 365 276 129 90 54 3 143 251 15 347 145 348 334 198 204 166 214 273 139 315 158 487 155 467 311 47 288 406 121 7 0 130 380 356 335 38 192 299 271 25 14 238 490 173 433 219 355 330 447 489 258 60 105 383 322 448 401 473 491 281 475 342 123 241 300 93 423 283 438 36 350 245 73 202 345 314 391 147 234 412 89 482 10 351 275 213 387 132 144 220 319 188 297 477 341 492 31 209 252 339 23 444 22 394 51 272 346 483 96 295 384 120 304 397 35 69 474 52 359 249 413 253 162 80 498 293 127 493 441 248 46 318 134 215 104 408 216 470 449 429 443 224 161 442 270 352 382
500
9083734 9503959 7330102 6719795 8206856 6414760 7062529 8130524 8092942 8321538 7253782 7444306 6223430 8893499 8321488 9274612 6681352 8435423 9236392 6567129 7939863 7329695 8854935 6910269 6757722 9313071 8702573 9236495 9504057 9465691 8664530 7558384 9083660 8130335 7405595 8245362 9236540 8550563 7482472 8626830 7253022 7787614 6223903 6986073 7634952 6414408 7253828 7176753 6833596 8397772 6910262 7977685 8511730 7559029 8283052 8283700 6757886 8664326 6490330 7443982 8931320 8435620 6948681 6261564 8626642 8703072 7519984 8169273 7749734 7482260 6223485 6604717 7672642 9198901 8741087 8779511 9275200 7368281 7253640 6376294 7062809 8359755 7138627 9237026 7253789 7787627 8931746 7520562 6414365 6185660 7749552 6986399 6414564 8016057 6261377 8092316 9617857 8435830 6719085 6414075 8893819 6299783 9121940 8817058 8168969 9007972 8092034 9198974 7406264 9541602 7177019 7978120 7673198 6338002 9045518 7177126 6338482 9618531 7253458 8169050 8283410 8244741 6262166 8244734 6452219 6338552 7062605 9427555 7558576 8626198 6871898 7482039 8665018 6643678 8664196 9389253 9503819 7062310 7939812 9465355 6566930 8474135 9198098 8054812 8206989 7215331 7711295 8511679 8626353 7864131 8702559 8740387 8206685 7291086 6414589 6414413 7749373 9541405 8741270 9580296 6604557 8702651 8549812 6795451 9198597 8092428 6871796 6719014 6681343 9008001 6986405 8283168 6413986 8703198 8244877 8015882 8626211 6757280 7406104 8893575 9465840 8588208 6528311 8588534 6185049 6566854 7978009 7558162 8626025 7596248 7825213 7901812 6223821 8053890 8092354 9618063 9465413 7748953 6567099 9542163 7635010 6948623 8969414 6224049 7214978 7863574 7634918 9160346 7063037 8245200 6490416 8092231 8550663 7787148 8702391 8741324 6185330 7939714 6605220 7597093 7177166 7596262 7177580 7405698 7291923 8321764 8283292 7405521 7863949 7292042 7520485 6795380 6719835 9007799 6490910 8397913 6643149 8817334 6261505 8092010 6909715 7939612 7977596 6986397 7253339 6948278 8169031 7559035 6872214 7520383 7368043 8587932 7291216 9427327 7634799 8359452 6719887 9160038 8207400 7100667 8092744 6757447 6719926 8245070 6337745 8817277 7787686 8016272 7062242 8550279 6681686 8931619 9122549 7902245 6262098 6681381 7481810 9579991 6834241 9579735 9008060 6414036 8092324 6224046 6337919 9199007 9275077 8359681 6223684 6223813 8474115 6795300 8855756 7901774 8741328 7559021 7787506 8130288 8626933 6833757 8740913 7482361 6567016 7062262 7062463 8436198 8665072 9313060 7940244 8588505 7749116 8969831 8817564 6642703 7863970 9503763 7749399 7672857 7825256 9541965 8092582 7939694 7100974 7291992 9579581 7711408 7864059 6681669 6643345 9083721 9007512 8244816 8931586 8588006 7024924 8436250 7558527 8778968 6185451 9084406 6299619 8283677 7024757 6604575 7024958 6528413 7596629 7367697 7215554 6757255 6338385 7710611 6948615 7673258 8206978 6491048 7978519 6490622 9388831 8855149 9542082 9427394 7214910 6757405 6338117 8092072 7901938 7520746 6299648 8321428 7405563 7749627 8092969 6376572 9580360 9618007 8969813 7825941 8741231 8550457 7787290 9159956 8969464 8283459 6643142 8016459 8664545 8855055 8893814 9541436 9427265 6413920 7558453 7405492 6986760 6262122 9083951 7787314 6871643 7977753 7177131 9389496 9046017 9351513 9503522 8245235 8397884 8435759 6338079 9504155 8932005 7596220 8893172 9274426 7901877 9541977 8855553 7863303 8206700 6376637 9351262 6833484 8664728 9083882 8740894 8587883 8664580 8207317 6261726 8778565 8512161 9237040 6833600 9618155 9198088 7176665 7329259 9542123 9580430 8169032 8130407 8283668 8702972 6719755 8359188 8969798 8321010 7825544 7291236 8130423 7939948 8244604 7177601 6452294 6185450 7978018 7024564 6490405 6833925 9198121 6566890 6719939 8244992 8549925 7100413 8626416 8130622 7177026 7406236 7711075 7405639 8664236 7138880 8206712 6223198 7139267 7634454 8511613 9275173 8321181 9198426 7902065 8854808 6261958 9198191 6223413 6795661 6719877 9083692 7481910 6185298 7939541 8130898 7787177 7825524 7634477 6338458 8397666 9007749 8054824
24 13 70 86 47 94 77 49 50 44 72 67 99 29 44 19 87 41 20 90 54 70 30 81 85 18 34 20 13 14 35 64 24 49 68 46 20 38 66 36 72 58 99 79 62 94 72 74 83 42 81 53 39 64 45 45 85 35 92 67 28 41 80 98 36 34 65 48 59 66 99 89 61 21 33 32 19 69 72 95 77 43 75 20 72 58 28 65 94 100 59 79 94 52 98 50 10 41 86 94 29 97 23 31 48 26 50 21 68 12 74 53 61 96 25 74 96 10 72 48 45 46 98 46 93 96 77 15 64 36 82 66 35 88 35 16 13 77 54 14 90 40 21 51 47 73 60 39 36 56 34 33 47 71 94 94 59 12 33 11 89 34 38 84 21 50 82 86 87 26 79 45 94 34 46 52 36 85 68 29 14 37 91 37 100 90 53 64 36 63 57 55 99 51 50 10 14 59 90 12 62 80 27 99 73 56 62 22 77 46 92 50 38 58 34 33 100 54 89 63 74 63 74 68 71 44 45 68 56 71 65 84 86 26 92 42 88 31 98 50 81 54 53 79 72 80 48 64 82 65 69 37 71 15 62 43 86 22 47 76 50 85 86 46 96 31 58 52 77 38 87 28 23 55 98 87 66 11 83 11 26 94 50 99 96 21 19 43 99 99 40 84 30 55 33 64 58 49 36 83 33 66 90 77 77 41 35 18 54 37 59 27 31 88 56 13 59 61 57 12 50 54 76 71 11 60 56 87 88 24 26 46 28 37 78 41 64 32 100 24 97 45 78 89 78 91 63 69 73 85 96 60 80 61 47 92 53 92 16 30 12 15 73 85 96 50 55 65 97 44 68 59 50 95 11 10 27 57 33 38 58 22 27 45 88 52 35 30 29 12 15 94 64 68 79 98 24 58 82 53 74 16 25 17 13 46 42 41 96 13 28 63 29 19 55 12 30 56 47 95 17 83 35 24 33 37 35 47 98 32 39 20 83 10 21 74 70 12 11 48 49 45 34 86 43 27 44 57 71 49 54 46 74 93 100 53 78 92 83 21 90 86 46 38 76 36 49 74 68 60 68 35 75 47 99 75 62 39 19 44 21 55 30 98 21 99 84 86 24 66 100 54 49 58 57 62 96 42 26 51
450 113 55 88 286 46 343 309 32 153 76 158 351 219 177 362 234 411 398 141 294 252 428 197 190 205 334 349 68 176 289 329 491 395 441 104 332 64 146 72 446 139 123 430 186 217 52 442 387 175 198 444 399 8 325 0 111 383 390 320 375 321 65 353 160 90 454 4 3 250 328 405 402 85 148 6 78 33 143 202 206 115 434 91 73 132 168 170 238 171 98 273 142 333 448 339 366 215 435 379 66 319 413 302 157 195 484 49 112 355 311 228 135 283 492 258 44 39 230 117 147 403 63 407 376 5 308 174 232 377 312 357 47 1 449 254 182 451 316 340 236 138 481 27 216 224 154 426 304 18 337 499 365 487 131 214 185 453 61 87 493 299 431 389 231 291 358 470 240 180 270 269 423 25 338 412 370 404 189 184 105 306 473 145 475 276 290 437 463 462 397 244 161 485 324 271 315 388 152 83 156 93 396 51 393 297 201 293 96 181 348 381 9 363 420 31 335 360 162 50 237 456 34 386 75 43 204 479 110 10 208 425 69 284 109 108 268 166 384 497 469 409 494 274 296 264 130 2 155 260 149 443 416 292 263 267 41 439 12 344 133 327 22 245 401 192 101 223 490 200 74 229 118 30 95 218 474 235 77 359 151 394 336 53 322 29 136 150 227 167 144 466 26 266 28 11 188 422 16 313 233 199 193 478 373 36 17 211 102 159 314 196 54 489 99 209 172 303 378 178 210 369 194 38 438 100 57 80 169 457 419 367 247 400 82 7 257 280 277 120 392 14 164 483 67 418 279 323 116 417 92 496 97 106 220 40 35 249 461 326 124 253 433 345 221 460 183 81 382 207 455 62 20 71 56 301 203 45 79 114 300 482 372 125 272 134 282 368 70 440 318 458 298 495 94 84 342 287 436 408 255 137 242 60 330 165 122 251 241 15 42 480 380 452 213 173 128 424 356 37 179 445 187 374 243 464 262 59 281 476 191 86 385 222 486 488 467 103 19 129 364 21 140 107 391 212 410 239 406 354 246 477 24 341 278 285 259 352 226 465 256 13 288 371 471 275 261 307 127 265 414 427 310 350 468 119 429 459 89 331 317 121 498 163 432 361 295 48 472 421 346 447 126 347 248 415 58 225 305 23
500
712919344 717854416 730094803 716157343 710292917 715398291 708007380 715499643 724100115 725139754 703923718 703894456 706090719 716292881 707480860 724233560 723322137 714132451 730642141 722244363 726609233 706784843 723244737 707234602 716904414 720541582 724669128 710221235 713482090 706344952 707943028 730609432 717128609 710383601 706212560 707080485 703464122 706036698 703482425 720960770 714529242 716406380 725921761 717619036 726430754 707420484 707836609 726406408 719808132 707603950 708932999 716187315 721553197 711492433 719553976 703416353 725158659 711240966 704101688 727691588 724632649 728149337 727092658 725101870 724272323 720529369 704724445 729743847 714946588 726178948 715751465 702984541 719120624 720848286 713116532 726590341 725443565 727067992 716460893 724835962 712246219 711044251 716756497 708403651 717906915 714363652 727234609 729277932 702536143 706733648 717554651 713168095 718532360 725039021 725303980 702560606 728014456 702580392 707915562 720364752 730930803 720394617 725608721 720602928 720993540 723764627 717482564 711880515 718278309 726966252 704593682 710148488 706249129 704063858 705560094 725923737 704842125 715974419 728593572 714125174 720595780 711775494 711901443 715468655 731307521 729656522 711694100 706043166 705766411 718715402 712449624 721239287 709563540 710418545 708566147 711106949 714465308 711462095 731672136 713113139 731212073 727515943 705145595 731650200 724186721 727086543 707764862 717378859 727139471 715788679 703866793 717835452 728809167 703161521 725169340 711321294 714537911 716412050 712805376 721478548 709149997 729512844 704504388 720836925 703438471 731724695 719024941 709178130 721047549 731071454 727751139 717498434 725535525 702617393 731204414 721676668 728280494 715011969 713213263 730857315 727335686 730216396 718120548 731234605 704721447 711626259 714414021 707749600 710563697 705102436 723046192 716943128 723248045 724732910 726964018 706331274 719031386 703563781 724538104 725367479 717775311 717128789 720337324 719200479 726025449 703956228 729053887 703856455 727814410 706890681 720201683 709501853 705409703 722631140 709477632 709177215 705115979 725751119 722049441 727288043 710384809 714172650 715087008 711598422 703598231 718270918 710852757 707857068 730197673 710661278 723278055 725203003 717136744 727973353 712720330 720505610 716299461 705723928 707509973 712343474 725855824 724024830 712852163 726443862 708332157 717727201 713115263 728177558 724740849 728250900 703030943 726088753 722784310 705098361 728242778 709859722 726037996 705302604 729433873 706215803 718522552 707178938 730656184 727003240 730514586 717626030 719408645 724580429 722887616 722596832 705631445 731067167 708192162 722346378 702201944 711643867 725031462 717192832 724192313 727690394 731141352 726295007 724765536 720745198 707802137 726659886 718741972 728533063 726226616 713128720 707335996 727366156 725240853 720413736 720174617 712266172 709254803 730054808 724014282 713842866 730874516 714315741 720265349 707637359 708490893 716215951 723615349 706158263 713784379 725826086 704049148 702850181 703516571 717933467 728884851 706558097 720532280 725899563 721049840 716196749 727339268 704679597 720716071 719473248 727180075 703369693 703004777 719465122 705152288 703987653 729614519 721692280 708360762 726917557 727105848 703676834 711028412 712154570 726057595 719662311 705706922 731664218 718696378 714629637 724712343 723639779 721645909 729991331 716780252 721118883 713181232 717902213 715427831 726366345 715504046 703793162 702598165 716050070 705612397 726362516 725634815 727413026 714311475 705920724 706202293 716362447 719236828 708258575 705282290 717713944 705293691 712200648 725937943 724764600 710445106 721035048 712495679 722939278 729373301 713167103 721597920 709402592 726829453 723855966 704320145 711570651 718344717 713098312 720620045 722610651 712136036 707675211 726491333 710540234 730671465 703664959 716806927 712595771 726968635 706177901 714779756 717768594 709830321 719364413 725374406 720403330 712874596 714005870 703402314 726398918 712603562 709105219 730554129 711514458 730001796 710600693 723171497 727988004 721661768 726397067 704369641 726854450 722084953 729008183 715109809 713409496 731547951 714823794 708158118 703625923 710240239 703693244 713550995 709192335 731145534 708003782 704349089 720696703 724921937 728957326 705313066 724762661 706687426 716962513 723678008 705658208 724455525 705458987 730499770 712486797 704157544 708432149 708564087 715783958 710892299 727981759 724025029 713064295 718347371 715436815 729056187 730798614 705024612 712201233 720013246 702621456 724138165 706337741 724961179 704462133 722216725 722257038 726098842 709901928 706410096 705453103 715162948 731003041 710373437 714537025 709861505 717828277 720353216 729098053 725765058 713074472 723047314 722852139 727128847 711178098 715967487 717958710 715454345 716437389 713313027 721030993 724823882 723803890 711795859 715832231
963357 946795 905720 952489 972171 955039 979841 954696 925838 922347 993544 993642 986271 952037 981606 925388 928449 959285 903885 932065 917418 983941 928707 982434 949982 937779 923927 972410 961467 985418 980056 903995 949230 971864 985862 982951 995085 986452 995024 936371 957955 951656 919725 947587 918016 981809 980414 918097 940241 981192 976733 952391 934382 968143 941091 995246 922284 968987 992945 913785 924051 912249 915794 922474 925258 937819 990857 906897 956554 918861 953851 996693 942546 936748 962693 917479 921329 915878 951472 923368 965616 969648 950481 978509 946618 958508 915320 908463 998200 984114 947801 962521 944522 922685 921798 998118 912702 998052 980148 938370 902914 938270 920774 937571 936263 926963 948043 966841 945372 916220 991294 972653 985740 993073 988052 919716 990461 953105 910758 959310 937598 967194 966772 954802 901650 907192 967468 986429 987358 943906 964931 935437 974617 971748 977963 969438 958167 968246 900429 962707 901972 914375 989442 900500 925547 915815 980654 948393 915639 953729 993734 946859 910034 996101 922248 968719 957924 951635 963737 934635 976004 907675 991593 936788 995170 900252 942869 975911 936081 902442 913586 947989 921021 997927 901997 933968 911808 956335 962370 903162 914979 905312 945903 901897 990867 967697 958340 980705 971262 989586 929372 949855 928695 923714 916225 985463 942845 994752 924368 921585 947061 949230 938465 942277 919375 993435 909214 993769 913374 983588 938918 974824 988558 930766 974905 975915 989541 920295 932719 915140 971863 959150 956083 967788 994636 945397 970291 980345 905374 970934 928594 922137 949204 912839 964025 937900 952014 987503 981509 965287 919946 926091 963582 917971 978751 947222 962699 912154 923686 911908 996540 919164 930253 989600 911936 973622 919333 988916 907940 985850 944554 982619 903838 916096 904311 947562 941579 924226 929907 930882 987812 902459 979219 931722 999321 967638 922711 949015 925527 913788 902210 918471 923604 937095 980528 917247 943818 910960 918701 962652 982092 914878 922009 938206 939008 965547 975653 905856 926125 960256 903105 958672 938704 981081 978217 952295 927463 986045 960454 920044 993123 997145 994910 946529 909782 984702 937810 919797 936072 952359 914966 991007 937192 941363 915500 995401 996627 941391 989419 993327 907333 933917 978654 916384 915751 994371 969701 965923 919269 940730 987558 900455 943970 957616 923784 927382 934074 906068 950401 935840 962478 946635 954937 918231 954683 993981 997992 952849 987876 918244 920686 914719 958685 986840 985896 951803 942158 978998 988985 947266 988947 965768 919671 923606 971660 936124 964779 929733 908143 962524 934233 975159 916679 926656 992214 967883 945151 962756 937515 930836 965986 980955 917811 971341 903784 994411 950310 964442 916210 985979 957114 947082 973723 941730 921562 938241 963508 959709 995293 918124 964415 976156 904179 968071 906031 971138 928953 912789 934019 918128 992047 916593 932599 909366 956007 961710 900844 956964 979334 994543 972346 994317 961237 975864 902194 979851 992114 937257 923079 909537 988881 923612 984270 949787 927253 987722 924643 988391 904363 964808 992759 978415 977970 953745 970159 912812 926090 962870 945141 954908 909207 903359 989847 965766 939551 997913 925710 985441 922947 991736 932156 932022 919129 973481 985198 988412 955826 902672 971901 957928 973617 946883 938412 909066 920251 962834 929370 930025 915673 969200 953126 946445 954851 951551 962036 936135 923408 926832 967127 953581
146 346 329 469 65 41 1 476 81 419 86 122 270 45 283 410 31 318 67 143 107 375 296 33 477 151 322 299 376 250 153 30 428 463 289 60 280 312 224 345 84 69 97 21 247 228 11 350 25 415 291 83 487 479 452 176 363 453 358 249 80 237 371 441 396 292 85 424 170 244 471 475 343 406 480 455 208 192 235 195 110 332 82 342 457 484 18 46 136 200 337 334 38 426 113 123 181 56 175 493 413 459 323 454 40 212 320 435 416 96 361 456 184 205 219 444 258 157 277 234 9 354 261 182 389 139 230 495 451 315 472 253 304 282 442 272 462 306 14 89 147 164 351 400 149 300 130 17 55 35 245 290 357 201 382 232 374 368 497 118 407 3 446 134 437 109 48 207 166 414 125 421 114 191 248 436 369 106 246 218 294 324 189 43 95 20 340 165 121 470 478 36 422 168 466 379 404 64 124 99 265 344 54 490 401 74 178 202 72 47 380 305 8 303 348 59 403 489 162 126 10 336 137 381 127 387 271 63 439 206 467 87 238 321 116 98 193 90 179 499 144 27 214 390 23 331 229 281 370 267 71 196 161 418 159 458 385 226 4 445 187 309 44 79 373 256 409 119 49 174 298 26 295 240 211 6 341 355 330 391 34 327 243 255 268 263 141 431 252 492 301 105 239 440 498 412 311 52 241 423 102 2 432 262 231 73 347 172 173 402 103 314 132 443 57 362 177 465 360 145 434 167 366 297 461 405 198 190 427 448 131 236 180 7 186 313 352 197 128 77 397 100 287 398 15 204 22 216 133 399 171 286 474 411 223 260 115 464 284 386 383 365 209 481 356 138 42 13 92 394 51 254 50 408 111 0 91 155 39 377 333 16 108 279 37 112 154 213 251 117 70 104 494 76 449 288 353 266 392 188 148 488 120 24 61 429 12 425 194 68 384 158 273 203 486 94 264 438 293 395 185 417 278 378 53 460 275 468 183 140 338 156 199 101 339 319 473 364 269 335 210 483 58 482 307 328 433 257 28 222 150 93 430 19 169 142 78 233 316 310 66 215 491 259 285 242 135 420 317 276 393 217 367 372 447 62 450 359 32 227 325 302 5 152 75 496 225 220 308 163 485 349 29 221 129 388 274 88 160 326
1000
9058 8157 7620 8619 8834 7777 9429 8056 8498 8233 8643 7400 7558 7811 8086 9003 7105 9232 9187 8369 9231 7082 9265 8283 9146 8133 8511 7591 8243 7950 7595 9712 7138 8098 8316 8391 7758 8419 8456 8654 8878 8900 7297 9293 7354 8244 8791 8381 7953 7055 8759 8301 8304 8471 8654 8165 7576 9481 8625 8944 9505 7982 7760 8648 8441 8625 7519 8932 9373 8503 6892 7583 8898 8769 8652 8141 7994 8484 8881 9800 8483 9143 8535 9368 7512 8585 8745 7677 7262 8151 8074 8169 7266 9443 9249 8751 8297 7858 8768 8484 9276 9526 8573 8209 7116 9705 7780 8576 8799 8131 7654 8682 9601 8900 8579 8015 8229 7926 7932 8513 7560 9299 7631 8910 7397 8696 8142 8916 8933 8461 7373 7578 8696 9095 7601 8420 8147 7214 9114 8175 9332 9416 9246 8892 7922 8294 8264 9307 8797 8033 7307 9162 7455 8806 7695 8882 8127 8765 8787 8872 7137 8025 8066 8386 7695 8423 8960 8022 7954 8215 7923 8607 7612 7468 7500 8752 8122 7211 8966 8090 8245 8278 8621 9165 7954 8358 9559 8154 8233 7761 7440 7830 9134 8955 7771 9097 7879 7630 8527 9381 7197 7963 8556 8244 9165 8501 8587 8443 7284 7881 7681 7436 8655 8076 7876 8894 8096 8472 8351 7654 8784 9722 8344 8738 8661 8386 8211 7241 8437 9656 9213 8434 7391 7889 9083 8258 8182 7422 7793 6971 7567 8334 8897 9064 9070 9082 7929 6949 8447 7270 8964 8615 7984 7874 8704 8364 7471 8876 8274 7263 9409 7842 9250 8201 7513 9599 9169 8891 8227 7496 7600 9371 7946 7376 9042 8727 9672 6949 7449 8328 8234 8725 8943 8371 8744 8141 8840 9450 7726 8432 8789 8588 8594 8447 7836 9201 8746 7494 7447 8978 8653 9144 8151 8613 8772 8738 7038 8905 8135 7938 7423 8781 7144 7516 8053 8728 8688 6740 8118 7747 7598 9084 9701 8753 8089 7841 8390 8736 7677 7998 7364 8440 8068 9479 9221 8099 8915 9205 8214 9184 7953 8281 8252 9031 8216 7652 8586 8361 9725 7729 9354 7392 8739 8357 9540 8513 7960 7698 7031 8349 8739 7928 7473 9462 7543 8469 7476 9262 9349 9283 8174 7079 6930 8250 7669 8624 9506 8401 8751 8759 7407 8150 6877 9413 8157 9251 8794 8684 8306 9193 7281 7425 9074 8280 9628 9068 9040 8423 7668 8104 8448 8601 9202 8477 7764 8973 8484 8137 7543 8885 7771 7946 7083 8277 8236 8372 8586 7273 8967 9551 9441 7717 9292 7429 8565 8277 7976 9491 7505 7057 7529 8173 8458 7662 8248 7757 8230 9261 7635 9119 7718 9303 8276 9336 8871 8214 9795 8348 9701 8969 8108 8619 8044 6751 8364 8482 8367 8948 9778 7988 8924 8845 8430 9460 8299 7115 7956 8609 7274 9457 9791 7822 8992 8094 8557 7418 8890 7708 8488 9186 9062 6991 8773 8001 9234 7623 9250 8890 8186 9366 8280 7323 8133 7105 7392 8041 9007 8490 7178 8593 8432 8686 7977 8603 9567 8928 7835 8463 7882 7679 7041 9478 8462 8790 9083 9073 8407 8255 8783 7954 9273 7612 9002 8476 8410 8421 9149 7068 8761 8691 7917 7276 8507 8187 7859 8379 9322 7487 7485 7646 8383 7505 6869 8329 8142 8116 9599 7649 8136 8336 7594 8412 7665 7406 8498 8645 8690 8815 8607 7774 7422 7700 8755 7417 7785 7935 8918 8075 8302 7372 9033 8387 7710 7334 7309 9483 8339 8903 9625 8427 7502 8537 8347 7477 8300 7054 9315 8523 7821 8832 8111 8534 9322 6873 7784 7095 7585 7811 8006 8670 9347 7647 7899 8174 8120 9704 8869 8399 9117 8405 7425 8392 8126 7924 6971 8501 8954 7825 7412 9576 7682 7323 8062 7556 6915 8730 9011 8790 8331 7481 7283 8344 7355 7507 8770 8927 9249 8502 8699 8409 8190 8194 9050 8467 8934 8572 7748 7089 8550 8550 9171 7974 8880 7999 7457 8756 8676 9015 8788 6893 8815 7554 8350 8528 9620 8049 8161 7120 7550 6960 8378 8022 8487 8803 9604 7949 8602 7941 8254 8415 8790 8966 8869 8253 7378 8916 8439 8116 8327 7670 7370 7113 8028 8471 7779 7847 6886 8403 9493 7712 9116 8386 9026 8005 8538 8576 7895 8406 8553 8003 8347 9749 7551 8086 8341 7663 8614 8908 8163 7613 7602 7806 7032 8160 8844 7300 8958 9270 8464 7290 7448 7884 7838 9218 7912 9095 7607 8034 9133 8348 8966 9350 7185 8497 8192 8054 8177 8011 7892 8644 8570 7790 6945 8393 9326 8018 8989 8500 7749 8965 8956 7655 8874 8361 7898 8884 7877 7536 9305 7791 8617 9623 8054 8647 7776 8703 7655 8978 8461 7489 7119 8530 9170 7270 7816 7751 8189 7959 8987 9036 8289 7696 8649 7765 8431 7949 7362 9422 6796 8701 8959 9261 8710 8012 8044 6822 8184 7716 8126 9785 8900 8490 6756 8562 8453 8888 8510 9037 7746 8767 8765 9387 8149 8057 8663 8086 7346 8896 7777 9172 8241 8279 8487 7517 8680 8480 8819 9301 8024 8603 8339 8507 8480 8786 7648 8866 9339 8110 6824 8534 8326 9584 9258 9194 8857 7859 8221 9042 8113 9056 7912 8666 8588 9307 8052 8977 7840 8372 8666 8489 8483 8611 9366 9156 8044 8441 8291 8119 8735 7312 8945 7002 9479 7906 8722 9648 8944 8116 7405 9184 7776 8830 7450 8607 8152 7537 6723 8012 8504 8488 8551 8744 6907 7449 7875 7841 7377 9015 8946 8180 8545 9714 8233 9212 7758 8606 8875 7514 7438 7456 9183 7989 7781 9152 7790 8195 8042 8071 8616 8284 8286 8067 7212 8970 7494 7147 8068 8601 8541 7688 7093 7876 8003 9486 9172 8838 8311 8330 7341 7909 8480 7609 9048 7389 7569 9148 7964 9295 9093 9134 7509 8208 9085 8769 8275 8054 6779 7945 8324 8339 9212 8199 8431 8530 8034 8519 7472 7995 8373 7885 6998 7965 6992 9047 8607 8360 8986 7435 8476 8617 7520 8977 7814 7707 9758 7977 8839 6791 8320 6793
1 8 5 4 4 2 2 8 6 1 8 6 9 5 1 3 7 1 1 3 5 8 2 2 5 5 7 9 1 3 9 2 8 7 7 10 9 2 4 3 2 4 10 3 8 9 3 6 4 9 2 2 2 1 8 1 5 4 4 2 1 10 3 4 9 8 8 4 2 2 10 7 5 3 1 5 5 3 8 1 6 1 10 4 5 3 5 7 10 1 8 1 6 2 2 7 5 2 9 8 3 3 5 7 9 2 3 3 2 1 4 6 2 6 10 5 9 10 4 6 9 4 5 8 6 2 5 2 2 3 6 7 9 5 10 7 4 8 2 4 1 2 2 4 4 8 3 3 8 1 8 2 9 1 3 6 4 2 9 8 10 2 5 6 10 1 7 2 7 8 2 6 9 5 4 3 6 10 7 9 5 3 1 6 6 10 1 8 4 10 10 5 4 1 10 5 5 8 5 3 9 1 5 10 1 6 6 2 9 5 4 6 6 9 10 3 1 8 10 9 7 1 2 1 6 10 2 7 2 1 3 1 10 5 4 9 10 9 4 9 10 8 6 4 3 4 1 9 6 8 5 6 10 6 4 6 6 7 8 8 1 3 2 4 9 1 6 8 3 10 8 3 1 9 3 1 1 10 6 10 2 2 7 1 3 8 8 4 8 8 4 1 3 8 5 6 2 6 10 6 2 2 2 2 1 4 8 4 9 10 5 2 9 9 8 1 2 10 6 9 7 6 2 8 4 4 10 5 8 9 5 7 8 3 6 8 4 5 3 2 8 5 1 6 9 5 5 4 2 3 5 5 8 3 2 4 4 5 9 4 1 7 8 4 7 7 5 4 2 4 9 10 9 8 9 2 3 8 3 8 8 2 9 1 1 1 2 9 8 4 6 5 5 9 2 5 2 3 9 4 3 6 6 2 9 7 7 9 6 7 7 8 10 2 5 5 9 10 3 1 4 7 1 6 6 5 6 2 10 10 10 6 9 3 6 2 9 4 3 6 4 1 1 5 5 10 1 5 1 3 7 2 8 10 8 1 1 1 1 3 5 4 9 3 10 9 8 4 6 2 1 6 7 8 5 5 4 5 6 1 7 9 3 6 5 9 4 8 1 2 4 10 4 10 8 1 4 2 9 9 3 10 4 4 1 6 7 7 10 10 10 1 2 9 3 4 4 4 4 10 4 4 3 7 4 10 3 9 5 1 6 10 4 9 6 10 4 7 8 5 5 9 9 2 9 3 2 7 2 7 8 3 8 10 7 2 2 6 5 9 6 5 3 8 7 2 7 1 5 9 1 7 3 10 8 1 6 4 2 2 8 4 4 5 9 9 1 7 2 6 2 3 3 9 5 10 8 6 1 10 3 6 8 5 1 1 6 3 2 3 8 5 5 10 10 4 1 8 5 3 6 7 8 7 9 7 3 4 2 8 8 6 8 5 1 5 1 1 4 7 5 7 4 1 1 1 3 10 8 1 3 7 8 9 10 3 2 7 9 9 7 4 3 5 1 6 4 9 7 9 5 1 9 6 2 6 2 6 10 6 7 1 2 4 7 1 6 5 3 10 7 10 3 10 3 6 9 7 2 9 5 3 6 4 2 4 9 5 6 5 9 1 6 7 3 10 1 2 2 8 7 7 10 4 7 6 3 3 8 9 7 8 3 3 10 1 5 6 3 9 3 1 8 7 1 8 7 10 3 7 7 4 9 9 4 4 7 3 2 6 1 4 6 10 4 7 3 7 5 8 5 2 4 7 3 5 6 4 5 8 10 1 6 10 6 9 1 4 5 4 6 6 10 4 8 2 5 3 10 1 1 3 8 5 3 10 3 3 10 1 8 10 10 5 3 5 4 4 10 4 9 2 8 7 10 8 10 1 9 5 6 3 6 5 2 9 2 2 4 6 3 7 5 6 9 6 3 7 10 5 2 1 2 1 6 3 10 6 4 2 9 8 2 4 7 5 7 2 9 4 8 10 3 1 7 7 4 3 1 10 4 9 4 3 3 1 5 1 6 5 4 7 6 9 6 5 10 1 1 3 1 5 10 8 2 9 7 1 4 4 7 1 3 6 5 2 8 6 8 8 6 6 10 2 6 8 8 2 8 5 10 8 10 4 10 9 5 5 2 3 9 7 3 2 1 3 2 3 7 7 1 6 1 9 8 5 6 2 3 3 9 1 2 8 7 1 10 9 5 7 4 5 7 9 8 5 6 7 9 4 8 4 8 4 7 1 6 8 3 4 8 2 9 6 1 1 6 10 9 10
399 401 878 432 324 983 150 459 363 827 160 919 651 785 900 297 999 316 339 623 58 949 231 743 97 612 285 630 823 837 626 10 925 500 388 157 541 669 511 480 430 282 724 155 819 292 404 423 780 902 492 733 731 713 154 856 899 1 427 394 179 365 933 415 200 167 740 266 182 620 917 770 224 420 608 607 691 562 42 30 369 361 84 54 930 510 299 726 741 865 447 853 982 143 240 168 526 945 33 237 163 40 387 445 873 13 923 514 472 879 921 265 65 159 64 682 303 391 789 357 649 87 872 27 922 517 606 407 398 577 935 774 70 127 554 338 679 888 312 662 258 156 242 287 794 337 685 146 81 926 839 279 709 528 959 166 689 488 24 45 801 864 654 419 508 736 66 866 574 374 914 308 619 948 994 428 550 765 62 372 552 677 625 28 642 176 148 402 628 479 643 778 169 457 473 126 752 683 410 109 830 957 396 230 351 362 320 658 793 751 908 905 276 379 418 359 893 246 181 594 152 69 712 564 272 161 779 937 659 99 197 730 672 747 198 283 257 725 850 942 576 318 162 206 263 199 974 953 386 855 194 301 364 688 385 431 887 107 347 860 225 892 239 648 675 131 26 36 705 609 698 114 962 748 274 573 90 891 898 190 766 504 74 759 434 411 60 12 624 261 344 646 506 254 772 9 498 876 639 121 542 291 806 561 546 370 971 280 354 384 970 481 854 673 461 572 521 990 551 547 763 68 16 103 711 829 158 307 656 422 996 330 450 61 3 436 273 71 714 269 507 535 817 91 314 857 380 558 4 946 0 984 110 632 92 484 776 834 912 568 563 584 761 7 792 315 944 105 193 93 334 828 958 360 585 555 47 275 429 100 796 807 986 222 862 305 474 76 332 141 976 969 135 270 52 139 348 593 586 701 581 313 8 636 540 59 304 353 848 101 674 509 826 745 556 494 125 735 322 153 17 704 277 907 331 539 629 120 604 835 592 524 189 977 491 993 302 106 991 49 890 271 808 6 236 247 32 502 79 321 497 557 465 985 296 706 762 462 41 822 211 319 204 72 205 874 505 437 979 136 34 718 48 439 395 973 289 831 367 340 15 934 417 615 57 610 111 37 846 186 602 710 686 815 802 918 232 627 840 122 589 11 767 440 145 144 638 317 413 515 842 192 644 22 255 201 537 616 349 376 98 941 298 310 534 142 227 895 290 587 664 734 489 328 695 164 77 816 755 861 486 681 989 720 350 758 67 738 813 378 699 600 661 663 294 545 520 203 371 531 910 833 426 791 666 909 85 906 523 750 414 356 956 703 838 188 443 281 53 665 749 475 570 943 264 903 267 278 960 196 825 538 140 987 798 821 707 723 938 19 130 803 533 591 881 78 177 605 309 603 787 482 617 392 880 493 458 575 975 14 786 896 455 784 967 184 293 343 719 756 849 441 818 932 548 209 306 693 389 342 582 452 212 715 468 657 939 824 207 668 215 560 43 421 633 425 529 39 23 978 138 968 635 409 119 588 670 871 788 947 490 931 175 208 63 645 571 652 226 400 149 449 435 618 869 478 390 622 650 518 875 812 804 116 924 702 980 346 118 565 113 614 94 753 601 453 476 477 336 687 245 56 844 503 640 522 631 412 800 690 760 655 847 671 124 966 326 165 249 790 832 543 894 195 397 381 882 597 234 244 323 251 901 295 843 460 464 352 868 223 256 851 955 220 75 746 51 553 995 129 456 920 172 173 805 102 877 795 20 590 366 55 729 221 927 325 799 248 446 754 809 680 25 737 721 544 845 777 183 219 471 781 29 867 262 904 998 89 961 583 454 170 128 684 797 952 727 954 286 38 31 108 981 393 580 228 487 218 483 358 35 171 406 516 21 442 696 485 530 86 495 676 368 928 527 180 463 214 744 311 641 288 438 216 598 178 134 496 951 405 722 137 235 335 185 885 243 88 697 341 467 147 578 82 519 187 634 694 83 499 238 46 117 355 525 329 596 757 566 717 260 929 2 858 444 104 202 884 916 80 859 132 897 112 536 915 997 936 692 559 667 300 911 775 940 501 870 424 259 660 268 73 700 5 810 567 44 863 782 769 18 621 469 284 732 383 466 841 174 532 210 451 764 250 611 852 653 373 599 964 883 613 814 123 345 382 728 647 889 595 708 820 403 742 716 96 637 217 252 233 678 836 327 95 408 913 972 448 513 375 133 579 333 151 470 416 886 549 229 811 988 771 992 213 241 768 115 783 569 433 739 377 512 773 50 950 191 965 253 963
1000
8939083 8073727 6980510 8415565 8640301 9430635 6376680 6829575 9581464 8486563 8449363 7129220 8110946 6789848 7094197 8867453 7090883 7884986 9016109 8035474 6260765 6940655 6264717 8716800 8791562 6793140 7545156 9206816 7129768 7697551 6411562 8260225 6640707 8488735 8789467 7807677 7355558 9468847 7771430 8036600 6488942 8679544 6412243 7018925 7660446 9356774 6715433 8377556 6378619 7808424 8792511 6641267 6978231 6566706 6601860 7846135 6414340 8981209 7887211 6901893 6753721 6753814 9393250 8488607 8261636 8339349 7317634 8298653 6527218 6226712 8601966 8826117 6792073 8035784 6944078 7922154 8453154 7959596 7319042 7770796 7245758 7207977 6717199 6490171 8000762 6941217 9394801 9053805 9506616 6678230 9132202 8562810 6714307 6716817 7583743 7809655 6680282 6451847 6566509 7657169 8150827 8453319 7548075 7471365 6452707 6375495 8147488 9283156 6341001 9129664 7546112 6602163 8260573 8147678 8373543 9132088 6226987 6980057 9467323 7318746 8978556 6337942 8902100 8339758 6864236 7430741 6261412 9281603 8751129 8186504 6526187 9546493 7509902 7321325 7167901 7397237 8033687 6225171 7430837 7205160 9278555 6903962 8712535 7055322 8941956 6713319 9091946 8034765 6373886 8414104 8225881 6452381 8264814 7282247 8602107 7811856 9392188 7055661 6602217 6528308 8036130 6264731 9430384 8376316 9469079 7320857 8300323 9090627 6339161 8110457 6791662 8188312 9429289 7543380 6831017 7393664 8187252 8412992 6227893 9583331 8865921 6301315 7544099 7396332 7509993 7922362 7470888 7356228 7506989 8863718 6867081 6412587 8714966 6677848 6604653 7509269 9433726 8678849 8977279 6638315 8033590 7845328 7733149 9543311 9241769 8225155 9206878 8487030 8638481 7243210 8448844 9392051 8717275 7358871 9279423 6867647 9055109 8715458 6678135 6754808 6565393 7849057 7205032 7772426 8867191 7169116 7319447 9354676 8752575 7657258 7471756 8448657 6979746 7695983 6603061 8978071 8752585 7807593 7167554 8715998 7243863 8110148 6223166 7392592 9203224 8337792 8412495 6829235 7960122 8866116 7734360 9581589 7581350 9056802 6942592 9584584 7395067 9622622 6980572 7168481 8563572 8939578 9620932 9090636 8868177 9543217 6714556 6680101 7546624 8147580 7660897 7318429 9166428 7394175 8339623 7394359 8261222 8826839 7280926 6489058 9132142 9203436 8486740 7433689 6300237 9052396 6866311 6867355 6793539 7622002 6490616 6867208 7019325 7619651 9316045 7015340 6978091 7922115 7886385 9434147 6792400 7959715 6563865 7242532 9430865 7169100 8110223 7961533 6753023 7509985 8033627 9203820 6829275 9281631 7845093 9281527 7621518 7883216 7281552 6377266 8111986 8449463 6905114 7809439 7807965 7396725 7506178 9205811 6491363 9167857 6715995 7395586 8449195 7585297 8373711 9621408 9090916 7585798 9204130 6716738 6868512 8788616 7847311 7131849 8222650 7959152 7811306 9357521 9433283 9092740 6641431 8411663 9206633 6567146 6943484 7998321 8903403 9320389 9546747 7811159 7016452 7623220 6452941 9130901 8717304 8750498 6601839 6752525 7282749 6640709 9433639 8714630 9431065 7545397 7620429 8186553 8339977 8641291 8566554 8187346 7920420 6375685 8451027 8335799 9279328 6978746 8789516 8073547 8339454 8750715 8300668 8036180 8148297 8675354 7317454 8981102 8037683 8300341 7317591 8867977 9580476 7583383 8299729 6451935 6302953 8037213 8111114 8676548 6336733 7657739 7279729 6491615 6378700 8604086 7771269 9128680 9129232 6226802 7510125 7093262 8980983 7357645 6906265 7735719 7885924 8751806 8000075 7810383 8525949 7279530 7166927 6941552 9356709 8226232 7281381 8525626 7094665 8261725 6678201 8599766 7622700 6300901 8074634 8976812 9357376 9130675 7472233 9243986 9395581 8184713 7959797 6603287 8037937 6487041 7016529 6943921 7056584 8679067 8637852 8186969 9355377 9581357 8113681 7961561 8977422 8298590 9507867 7581521 9167869 9507673 7997426 7543245 7056586 8828539 7019033 7697914 9166100 8828313 8148464 6979182 7620859 7772323 9543014 9094510 7019296 6528341 7054503 8300981 6450114 8528685 7808776 7242288 7470232 8602652 7771077 7241402 8297838 8790677 7997144 8641342 9242611 8073668 7921816 6754283 9619289 7092483 6223913 8377190 6413394 8149739 8034208 8073721 8109026 9014650 8411206 8641962 6717635 9015809 6940215 7546058 7358706 8525908 8036885 6865412 9620413 6828384 8976830 6563559 7168658 6677662 6751198 7204166 6602764 8112585 7960051 8375682 8224691 6563506 6639835 6869057 7128900 8939412 7924856 8223257 8375895 6413662 7054211 7472632 8185172 8826398 8978454 9546950 7092125 8940274 8753365 7129301 8263290 8527817 8189390 9583929 8337812 7470913 6375550 7622881 6416276 8714207 7207432 8939665 8827507 8603759 7771128 8864610 8036188 6413950 7773328 7920785 7167865 8299896 8491088 7733722 9207212 6715028 7242468 7241926 8903715 7170628 6902599 7507926 6751179 7204275 6226589 7770528 9391501 7204788 8412756 6793586 7095189 9431522 8075361 7355778 9619936 6377988 9017581 7167957 7695546 8750951 7207332 6374076 8148495 9056422 8339263 7468443 6605093 8526065 9165448 7698123 9279447 8526820 8789936 9506782 8487640 9393870 9241881 8978590 9354768 6563237 7319246 7697136 7996500 6376114 8904506 8338328 7547515 7392289 7696532 8301898 9506259 8336834 9583485 7544934 7092216 8261558 7053661 8339409 9282867 6487559 8335866 7321475 8939350 7433698 6300020 9091386 8148302 8072081 7470815 7167911 7696184 8374363 7205670 8901113 9090272 7773139 7996753 8187349 7810620 6564071 6375919 6716091 9356430 8451607 8905281 9017726 9467076 9393963 7244927 9205961 6566834 6752388 7696262 8868066 8753204 8678931 8488309 9506546 8302175 7204509 7279537 7280419 8867995 6412057 8901176 9056836 7773758 8489992 9508977 9622224 7623210 6487991 7581617 7547374 6527178 8490484 6752317 7170671 9508115 7279329 6717929 6488707 7471401 9052207 6263271 7507718 6829998 7509233 9051993 7282854 9320944 9619530 6450065 7317826 8827514 7283640 7356785 7208452 7847536 9166537 6789483 6831393 6603486 8563607 6224507 9622598 8297650 8299542 7470620 8791791 6337635 6754033 9542997 6867671 7925221 8300875 6374351 8792345 6449378 8713299 9319623 8414033 7243961 8565379 6751422 8905715 8717146 8865718 8111129 8075059 7774408 8186154 8826445 9431656 7019937 6790854 9467042 6605033 6264275 9055639 6716750 9056033 8527628 8829875 8187105 7169784 6866107 9091542 7355885 9470731 8827905 8943724 6791936 6865146 8109904 8863939 8072073 7885843 7507450 8977338 7019672 8338734 8337809 9620275 7619722 6340340 8602351 7619159 9089953 6640450 7808354 9166353 9546557 7807939 8297733 6565494 7774420 6830417 8375111 8903340 7166835 7885891 7133073 7733721 6830154 9280223 6978825 6339899 7205399 7359346 7620735 8792343 7053116 8827854 9509425 8411610 7053272 7242699 8452210 9131494 9545342 7396829 6373797 6526393 7583342 7242054 9128041 6562767 8071693 8865290 6717244 6489542 6755056 8411150 8413774 6299678 7622846 7772255 9015867 6525853 7434870 8791048 6789303 8148691 7055969 6223865 6339477 9584313 8111899 8789885 9165470 7922847 8449976 7017178 6791087 6940980 8674954 6601633 8075880 8864173 8713777 6641443 7697715 8976861 9356818 9128369 6941963 8904486 9052644 8524480 9582715 8375565 7961630 6601875 7092642 6640169 6979313 8638036 7997880 7659282 7959863 8488247 6943028 7923252 6676401 9317602 7807508 7621825 9429559 6868357 7321458 7887315 6791456 7996593 7961457 9016002 6336563 7731928 8829374 6528362 7960462 7169510 7886650 7282821 7619125 7772932 6868287 8076001 6602308 6601121 7392949 7166053 6449529 6265094 6566797 7205890 6526106 9168083 7320359 8866534 7394676 7771480 8147396 6488808 7056634 9243576 7432201 7658161 7694901 7357568 7281143 7848852 7619923 8338179 7015124 9056293 6262266 7015379 6792181 7471103 7431943 8939304 7845469 6793217 7206484 7811647 6901952 6978507 8151306 6826441 8902757 7167141 8864016 8301256 6637896 7546337 8939494 6638624 6263680 8150854 8074721 8638496 9395000 8902048 8564872 6679518 7434365 7849479 8940369 6792424 6299005 8901819 9014591 9508627 8222595 6717876 8867345 7057213 9016950 6378242 8601017 9432129 8262917 8527845 8335908 8263423 6377948 7547343 7623105 8676673 7883761 8639691 7166667 6488861
28 51 80 42 36 15 96 84 11 40 41 76 50 85 77 30 77 56 26 52 99 81 99 34 32 85 65 21 76 61 95 46 89 40 32 58 70 14 59 52 93 35 95 79 62 17 87 43 96 58 32 89 80 91 90 57 95 27 56 82 86 86 16 40 46 44 71 45 92 100 37 31 85 52 81 55 41 54 71 59 73 74 87 93 53 81 16 25 13 88 23 38 87 87 64 58 88 94 91 62 49 41 65 67 94 96 49 19 97 23 65 90 46 49 43 23 100 80 14 71 27 97 29 44 83 68 99 19 33 48 92 12 66 71 75 69 52 100 68 74 19 82 34 78 28 87 24 52 96 42 47 94 46 72 37 58 16 78 90 92 52 99 15 43 14 71 45 24 97 50 85 48 15 65 84 69 48 42 100 11 30 98 65 69 66 55 67 70 66 30 83 95 34 88 90 66 15 35 27 89 52 57 60 12 20 47 21 40 36 73 41 16 34 70 19 83 25 34 88 86 91 57 74 59 30 75 71 17 33 62 67 41 80 61 90 27 33 58 75 34 73 50 100 69 21 44 42 84 54 30 60 11 64 25 81 11 69 10 80 75 38 28 10 24 30 12 87 88 65 49 62 71 22 69 44 69 46 31 72 93 23 21 40 68 98 25 83 83 85 63 93 83 79 63 18 79 80 55 56 15 85 54 91 73 15 75 50 54 86 66 52 21 84 19 57 19 63 56 72 96 50 41 82 58 58 69 66 21 93 22 87 69 41 64 43 10 24 64 21 87 83 32 57 76 47 54 58 17 15 24 89 42 21 91 81 53 29 18 12 58 79 63 94 23 34 33 90 86 72 89 15 34 15 65 63 48 44 36 38 48 55 96 41 44 19 80 32 51 44 33 45 52 49 35 71 27 52 45 71 30 11 64 45 94 98 52 50 35 97 62 72 93 96 37 59 23 23 100 66 77 27 70 82 60 56 33 53 58 39 72 75 81 17 47 72 39 77 46 88 37 63 98 51 27 17 23 67 20 16 48 54 90 52 93 79 81 78 35 36 48 17 11 50 54 27 45 13 64 22 13 53 65 78 31 79 61 22 31 49 80 63 59 12 24 79 92 78 45 94 39 58 73 67 37 59 73 45 32 53 36 20 51 55 86 10 77 100 43 95 49 52 51 50 26 42 36 87 26 81 65 70 39 52 83 10 84 27 91 75 88 86 74 90 50 54 43 47 91 89 83 76 28 55 47 43 95 78 67 48 31 27 12 77 28 33 76 46 39 48 11 44 67 96 63 95 34 74 28 31 37 59 30 52 95 59 55 75 45 40 60 21 87 73 73 29 75 82 66 86 74 100 59 16 74 42 85 77 15 51 70 10 96 26 75 61 33 74 96 49 25 44 67 90 39 22 61 19 39 32 13 40 16 20 27 17 91 71 61 53 96 29 44 65 69 61 45 13 44 11 65 77 46 78 44 19 93 44 71 28 68 98 24 49 51 67 75 61 43 74 29 24 59 53 48 58 91 96 87 17 41 29 26 14 16 73 21 91 86 61 30 33 35 40 13 45 74 72 72 30 95 29 25 59 40 13 10 63 93 64 65 92 40 86 75 13 72 87 93 67 25 99 66 84 66 25 72 18 10 94 71 31 72 70 74 57 22 85 84 90 38 100 10 45 45 67 32 97 86 12 83 55 45 96 32 94 34 18 42 73 38 86 29 34 30 50 51 59 48 31 15 79 85 14 90 99 25 87 25 39 31 48 75 83 24 70 14 31 28 85 83 50 30 51 56 66 27 79 44 44 10 63 97 37 63 24 89 58 22 12 58 45 91 59 84 43 29 75 56 76 60 84 19 80 97 74 70 63 32 78 31 13 42 78 73 41 23 12 69 96 92 64 73 23 91 51 30 87 93 86 42 42 98 63 59 26 92 68 32 85 49 78 100 97 11 50 32 22 55 41 79 85 81 35 90 51 30 34 89 61 27 17 23 81 29 25 39 11 43 54 90 77 89 80 36 53 62 54 40 81 55 88 18 58 63 15 83 71 56 85 53 54 26 97 60 31 92 54 75 56 72 63 59 83 51 90 90 69 75 94 99 91 74 92 22 71 30 69 59 49 93 78 20 68 62 61 70 72 57 63 44 79 25 99 79 85 67 68 28 57 85 74 58 82 80 49 84 29 75 30 45 89 65 28 89 99 49 51 36 16 29 38 88 68 57 28 85 98 29 26 13 47 87 30 78 26 96 37 15 46 39 44 46 96 65 63 35 56 36 75 93
954 486 347 30 331 712 411 357 722 930 809 787 585 768 246 186 931 508 625 598 971 778 183 141 266 118 577 206 689 280 988 933 415 468 693 910 782 604 597 367 586 45 858 214 170 381 543 91 31 747 83 300 812 140 649 749 420 61 82 997 436 421 639 495 635 189 831 772 474 230 453 916 315 520 104 633 54 697 532 732 125 136 209 337 5 679 316 630 588 445 44 753 781 278 413 492 52 459 177 820 168 24 12 258 290 660 832 29 14 529 389 568 857 791 902 63 184 433 926 606 576 619 790 103 983 845 840 324 810 556 701 171 102 98 594 2 967 522 823 702 957 563 989 470 355 990 527 744 977 312 236 354 4 352 427 62 861 409 560 264 458 180 754 322 539 193 429 808 366 703 399 210 976 958 84 718 417 521 1 329 473 390 797 187 85 580 345 661 687 938 405 775 491 517 94 220 95 185 854 914 982 924 720 798 757 377 195 821 716 628 929 891 43 135 769 285 358 391 465 229 383 169 725 393 227 346 454 807 506 801 190 961 499 599 397 694 504 927 676 282 487 755 955 939 936 480 641 424 566 431 460 700 911 33 387 99 423 32 332 472 596 847 356 806 39 822 740 93 286 814 81 678 738 607 133 559 724 756 629 557 53 894 893 244 615 925 548 344 34 303 259 374 147 776 994 948 844 642 238 6 255 669 708 762 665 349 741 294 573 88 974 800 418 318 963 336 402 887 494 289 380 785 335 524 841 105 848 396 120 438 437 317 851 114 863 268 750 11 742 296 130 868 501 263 904 774 175 232 182 376 271 805 234 49 213 477 515 128 123 201 719 70 245 288 35 951 656 696 261 414 109 551 618 523 626 542 58 151 9 395 985 614 464 905 783 717 685 514 163 908 363 446 677 889 878 89 165 426 842 78 928 479 538 440 77 249 541 640 871 714 879 64 19 48 634 743 632 211 55 428 111 362 126 200 325 683 146 343 564 920 792 601 392 178 518 651 162 616 450 919 176 471 309 953 267 330 96 308 179 945 655 348 117 979 706 138 226 143 834 467 673 739 51 283 817 780 334 874 435 375 672 975 225 412 197 212 799 447 638 622 519 416 873 37 150 257 652 302 818 41 684 811 475 319 680 993 952 430 728 144 572 497 709 326 705 584 788 159 617 370 865 488 984 932 913 18 129 692 883 406 164 574 313 745 457 603 949 761 434 558 962 906 448 265 591 443 466 770 583 21 867 885 100 765 410 546 713 13 843 853 609 80 671 710 353 773 298 208 0 218 476 339 643 142 47 659 231 825 624 115 667 748 444 496 216 921 605 510 15 592 131 647 771 899 456 57 862 482 966 881 253 777 992 766 569 26 56 512 173 746 550 157 320 571 698 855 254 950 631 112 198 852 3 536 946 181 763 403 581 547 707 502 736 565 784 828 498 361 864 513 305 373 127 991 481 134 674 690 304 636 654 658 815 172 90 884 888 65 903 241 666 663 675 826 359 590 540 727 575 995 895 256 795 394 299 664 554 422 442 350 160 292 969 485 276 365 113 723 531 59 384 166 549 611 76 824 918 734 74 900 980 28 145 222 132 116 72 779 849 153 483 137 735 50 287 959 67 646 248 960 449 516 275 228 996 237 17 653 830 786 620 92 526 40 455 721 846 8 314 582 682 38 978 589 404 217 688 378 876 281 25 321 897 119 970 833 270 323 463 233 923 75 66 509 537 223 10 645 838 493 23 552 972 16 262 260 291 192 239 154 439 219 602 627 729 224 525 20 338 794 803 896 829 340 570 836 73 297 478 490 764 148 382 892 956 461 760 752 155 850 968 364 7 199 555 528 813 328 27 593 243 608 704 221 648 36 545 121 937 534 42 816 907 733 235 188 386 86 998 657 489 869 882 934 917 610 203 462 191 922 372 731 149 425 681 759 22 360 890 578 341 796 306 152 398 600 942 484 695 553 505 726 964 699 68 837 737 269 251 943 369 804 507 310 872 886 452 469 274 644 544 511 587 793 561 388 637 562 301 407 827 686 944 333 935 158 69 60 432 835 311 650 909 965 242 252 503 273 194 240 901 293 174 46 535 789 866 973 947 106 122 530 715 400 277 351 500 579 860 623 215 385 533 621 819 379 567 207 730 408 981 139 670 940 295 307 595 912 898 101 419 107 986 758 71 999 668 751 877 250 987 342 870 839 371 161 284 711 279 802 327 204 124 87 691 247 875 859 941 196 915 79 202 110 441 108 662 401 368 205 880 272 167 156 97 613 767 451 856 612
1000
172408777 169580504 153175921 188455239 215732637 191513177 144139823 216837366 151979095 212607371 188017620 222247705 199668983 157808084 191228639 162603158 225351082 184907409 219154707 158943972 171239583 188227819 145534535 146604538 210360538 159313959 146462376 168022545 163754315 225700264 205589292 160751437 188717097 147657086 153590870 196247972 223417093 156802105 177209097 215989518 198314031 214596711 183419586 147584400 165421467 148506813 217110303 176207620 189686010 178424782 212994742 186447291 197362050 203442805 203661509 150329656 200365475 225040087 206808118 173591910 203292589 203695313 159597079 192729276 149890594 214482713 191275052 205668075 227889079 149557160 215937903 181346260 181185704 198697260 150173744 172679994 206343315 148812013 153778627 184451393 202984353 208762097 153655402 167693061 179502621 213537195 190425732 193014877 206743198 226403313 148376110 178920435 227817751 187195385 213673223 206200028 189538234 226260768 170353628 199257874 170391545 224815946 198924976 218340722 202588950 153269063 208811051 171854881 179700752 164286113 168247587 157981434 202079927 228208326 169517256 180296031 147962596 181021568 227691549 202818045 147360960 220257353 172387895 213370322 190739637 191500523 210405879 223503125 156323124 227020528 172269097 152846875 219301850 204695583 224158892 192297689 207109370 170594629 166294639 146944613 173029533 185163489 219640713 152352988 193652495 196015836 211062260 177245277 189200730 211163015 189598127 163492726 150813694 221816275 206865267 229543339 215510106 206482419 193143833 204199470 183443432 185388970 210426222 159286059 171401246 201401622 175369220 190465448 180623992 194071941 225720005 213236883 180255117 176221243 195304623 224486401 180835109 188949712 160070774 183308515 192860301 176661621 154390784 146810204 154285549 146247741 210425080 166889322 215961419 169248886 228563420 186824869 183705686 198970875 155879736 227960134 204190718 155242095 212272681 227735385 171915872 224198782 208117857 179717323 214371032 209692435 228407885 148766955 220577051 212977623 149249268 213604129 193381476 227711525 186270337 208989902 162315785 154179917 202047956 171026288 212271989 149781101 172842855 197910699 220697481 171489263 195522921 210004089 198993209 150670700 214375838 160702140 211176702 148471189 204395282 153896291 168990247 193963107 169240259 173845357 190415891 184999886 158682058 216078935 221209138 189467763 181054370 185392340 227387456 155025214 189580515 177695768 164418480 204643006 158635244 154770682 152618688 169399924 187101000 228983260 196834879 144573906 167413131 212606637 229569169 218057318 204810132 201735188 145466011 183381582 201497575 187544846 167744307 184554086 179148550 194850684 169819056 218336564 150815997 186143553 146979882 189520804 150679543 228567051 165498775 214097055 183029416 221772458 190651540 176225035 149827067 164882078 175255847 171218201 213459498 151933670 229298200 227066785 172997292 161086152 183499159 225620778 215491121 200897273 205951679 214200316 229248374 204523987 173773431 200873011 214134242 195406690 183976618 155293948 215640471 163614228 218582916 155294756 202554765 222752238 177557665 213655009 224250171 195983199 199349020 176566252 171518981 191005302 188208927 165997069 192936871 174763743 191785459 216303060 151795937 158161141 214732513 172050825 169770069 201283343 151285277 219980979 202736205 227632765 154664223 185883530 151611527 157380631 170453697 188034244 205858765 147431819 214473610 211330773 208050805 194619142 189068659 217120265 196620166 212788249 219196655 213845232 227410541 146359471 169235962 222998963 162168165 182540888 203386414 149435757 184915670 218212305 172525928 200105887 180633027 217014357 162692322 205496680 157284286 200388689 145275899 176527411 146097812 222545604 181322552 189290428 207218130 166927347 228970233 146284191 212211639 217173063 163461997 151128599 216557202 168742635 181619009 221080832 223920155 220466141 190899118 170989602 167442085 212432180 146364377 184065783 209448293 150167977 146604791 157578222 179955186 158142727 221077235 182649694 201145459 193618059 207527291 149088003 204868447 166377420 163382186 211707141 223592723 202408105 208585301 216333916 155628419 192744851 158167924 148458239 193835541 188550371 213381256 193719692 153002254 185983041 202217475 156009867 163880614 204338148 188260759 149094812 186818375 215381339 166391650 165971034 211221620 164552489 165840785 176126916 179149116 162013802 218202869 176700222 190098396 144334997 184883003 167681431 156349728 217030692 171296420 209242276 157392280 156089879 180381714 183861093 227816755 171714886 199787838 176733650 194235191 176643827 178903761 163959484 166895098 160453530 208533396 176941016 227638052 157932784 223120366 188513511 208098060 214816420 228560034 180095333 211804219 153684487 180904655 190086702 219356044 169816766 209871423 161809817 190488165 202189798 195192892 150755429 174132755 220243742 226627752 159949957 206949899 193257674 228163889 176672231 156737037 197775974 155767025 175416096 200770591 197638094 211253633 165183810 151353036 200011928 178445744 205737235 213940999 155813460 225025025 153797772 165930782 174713486 200348863 196239022 199625806 179429109 186651656 145605156 180690439 214394962 175129856 188726255 206039198 154309873 198567213 206320223 184942919 181677954 221135797 159609432 178946913 195381164 195229860 181869453 204135085 183911901 146366660 223020618 216301502 151509183 226063470 207567037 209815216 198840256 153758080 159504463 216085841 147577779 150410168 144915256 195100704 173860381 204170269 207494009 148057301 146892475 199429346 221137787 175096128 206108488 182063739 171329680 158602753 227215343 156909245 219695555 210605900 219910881 223109739 148656031 200796458 156159257 149695338 194579842 222271172 215694651 168486114 210020719 210457522 209705796 224474467 168810026 168536604 216024089 153369100 158801149 151017278 171968070 188354301 173762273 206168442 159457856 144688784 163396837 206521021 163725971 200339816 190334816 180186729 157120744 166513962 185380513 175229812 224636179 193815634 195655067 170834360 147780812 221298252 223196649 224401599 220566484 216189263 202414993 192240137 173104423 152100515 202051557 199648680 224709418 151158802 145297667 162643651 191277616 159009492 221481080 153262444 168849989 169955651 188543677 175921010 211948242 173236247 197086982 195781558 158659054 220400156 154631663 175237571 195527470 172164549 187533486 185287463 191676785 200313146 229014956 168721400 180093272 169261134 195918422 181855875 166824569 148746453 155798137 193736513 210077865 163042422 169573051 180917607 196368960 221506332 174922210 165534020 206390054 144822789 228526015 195165092 148049156 188613992 183463681 207485441 151017174 190905130 199596140 216502018 220051859 197502952 204002725 159792938 151827171 209092858 172656647 159532299 145974186 215012364 199645217 165788535 172541401 150177023 154218860 222102008 201968870 188419856 181144337 155417498 173255636 207690367 202636181 224741611 205034288 223996515 196548283 182145290 144960512 196358698 215997789 183137582 172599561 150869091 200974420 165435182 206542807 212407303 209184088 150264704 195197330 185404895 170974281 195786391 184237211 160672842 197420390 150792838 179563742 215311065 212679353 225749664 186559638 169823585 212445896 185339978 205041719 229586616 164184631 205898641 193926725 146841496 184632114 211816388 175059949 174167022 223549959 155947620 221083414 152497583 185934999 218948506 145851685 215514755 145250973 182764989 174502675 184693048 193462545 170970558 198280298 154604607 190145775 196503945 165503526 197293340 187475949 188411527 174239361 229468216 209454123 203235890 213983029 181487875 149114861 151125994 155909853 212521906 205453602 151705989 148441567 166852396 186584730 161962566 196020649 164679443 170431203 190200039 199922805 194458885 195487709 146393509 155325549 204701236 193232311 219868231 171190352 202073780 148992220 228929050 174102704 218761240 219298132 158711047 220494455 182013741 181730623 187388625 178084712 225630447 228697152 181484483 218099389 180608554 188889873 213549040 171954087 219510850 168746554 188413514 147649779 150973530 174247898 223565849 155693355 214131806 226278617 207947323 209763877 172635593 194829020 159052232 225779559 215196248 229374091 224642948 229420939 183616103 169092685 204460183 199646688 192136952 171752068 201208672 211316064 191136266 176502410 167036713 226885578 171592470 208773095 169179557 213105920 219344147 146391519 178453760 180231620 178805287 165249683 185753130 209844742 160445101 185022421 155018702 222508996 206461862 199500241 159267938 146973302 225396040 179540377 226312340 228655416 154396495 208199718 144928951 187190750 212485116 182342032 153650916 166895052 180035297 205064950 152480388 228980967 201093836 162401876 162855244 191947146 225779556 157391650 199742995 146921335 149299495 152125063 218893239 210863236 212026534 160861076 179401548 147381170 150293456 151001141 147012302 186491523 227767572 209551360 167200450 224686135 212142657 216170610 175528851 173492306 195706064 178513085 186021457 160462406 218779496 217641254 173146719 180207785 185204789 204703563 197903552 175110254 163200427 149492920 203781770 179157094 197969161 189711028 221149354 210874991 148199198 201278128 191614297 167152444 195612177 175466832 165163351 206946759 172479839 189060006 213802098 199810919 198506183 165423253 194008874 207178160 212357926 210282079 148747049 193956439 147027635 182187114 156946559 185327978 180415889 210322166 216052189 167740239 228452135 157206879 206829958 218653567 175678685 217001742 219776868 172760731 182850399 147659792 198522690 162547940 188543353 215063895 157257927 218154372 226320587 205383708 170573439 144288340 221863334 214019931 194935271 187944104 192740903 179725311 163142233 204129010 190721987 215990525 181155929 200639319
966812 970111 989279 948061 916199 944492 999832 914907 990675 919848 948577 908588 934962 983869 944823 978266 904959 952208 912198 982538 968178 948331 998205 996954 922475 982109 997120 971931 976917 904550 928045 980426 947757 995723 988792 938958 907219 985041 961203 915896 936546 917522 953948 995809 974970 994730 914588 962373 946623 959784 919395 950408 937660 930553 930297 992601 934152 905326 926625 965427 930732 930259 981774 943068 993113 917656 944772 927954 901993 993504 915960 956368 956554 936097 992784 966492 927168 994378 988573 952743 931089 924339 988717 972316 958524 918761 945761 942734 926700 903734 994885 959202 902082 949537 918601 927333 946799 903898 969212 935444 969164 905588 935831 913148 931553 989169 924282 967454 958293 976301 971671 983661 932144 901622 970190 957598 995368 956746 902224 931282 996070 910913 966835 918956 945397 944508 922420 907119 985598 903012 966972 989660 912029 929090 906354 943573 926270 968931 973952 996556 966084 951909 911631 990241 941993 939232 921654 961161 947191 921535 946729 977223 992039 909089 926554 900062 916455 927005 942588 929671 953918 951645 922395 982139 967985 932939 963348 945717 957212 941504 904528 919110 957644 962358 940064 905968 956968 947487 981225 954078 942918 961841 987857 996717 987983 997374 922396 973255 915930 970503 901207 949967 953614 935781 986116 901912 929681 986864 920238 902173 967385 906304 925093 958272 917790 923254 901390 994427 910540 919414 993866 918684 942311 902206 950618 924075 978603 988103 932185 968427 920239 993244 966304 937019 910398 967882 939804 922890 935754 992206 917782 980487 921521 994772 929444 988437 970800 941630 970509 965130 945771 952099 982844 915790 909797 946879 956711 951641 902580 987116 946746 960635 976141 929152 982900 987415 989929 970327 949644 900717 938277 999326 972646 919849 900034 913479 928957 932550 998283 953990 932829 949128 972261 952621 958938 940594 969834 913158 992032 950766 996514 946817 992192 901201 974882 918109 954404 909140 945496 962350 993189 975602 963485 968199 918852 990731 900350 902955 966121 980039 953851 904648 916481 933530 927621 917989 900407 929289 965214 933554 918064 939945 953294 986802 916306 977086 912867 986801 931594 907995 960797 918622 906246 939268 935336 961955 967851 945084 948349 974300 942825 964061 944172 915530 990890 983452 917363 967225 969890 933078 991488 911236 931379 902293 987536 951070 991103 984367 969094 948554 927734 995989 917670 921338 925171 940862 947348 914576 938523 919637 912152 918402 902554 997239 970515 907708 978770 954971 930618 993645 952198 913302 966670 934452 957202 914700 978158 928156 984478 934122 998507 961995 997544 908238 956397 947088 926144 973212 900732 997330 920310 914514 977263 991667 915233 971091 956048 909948 906634 910665 945208 968469 972611 920051 997235 953193 923540 992791 996956 984133 957992 983477 909956 954847 933237 942031 925782 994052 928889 973853 977357 920901 907017 931762 924549 915494 986413 943054 983447 994789 941777 947950 918944 941914 989481 950952 931987 985965 976772 929508 948289 994046 949974 916605 973836 974330 921470 975987 974481 962464 958934 978953 913311 961798 946143 999605 952238 972334 985567 914681 968110 923781 984354 985875 957496 953433 902078 967620 934822 961754 941310 961860 959220 976678 973253 980773 924608 961516 902287 983718 907568 947996 925118 917268 901214 957827 920788 988681 956886 946155 911963 969838 923044 979190 945691 932021 940190 992105 964793 910925 903467 981364 926455 942453 901674 961831 985116 937177 986250 963296 933676 937338 921431 975251 991410 934565 959757 927873 918289 986197 905344 988553 974378 964118 934167 938970 935015 958609 950170 998121 957134 917761 963632 947745 927523 987952 936251 927196 952167 955982 909885 981762 959172 939973 940147 955756 929748 953371 997230 907684 915530 991224 904128 925736 923113 935933 988595 981885 915784 995816 992510 998930 940302 965111 929703 925819 995258 996616 935242 909882 963671 927443 955531 968071 982939 902781 984914 911568 922184 911317 907580 994560 933646 985791 993346 940907 908557 916241 971389 922871 922358 923237 905987 971014 971333 915855 989050 982707 991800 967324 948183 965230 927371 981941 999195 977340 926958 976954 934182 945869 957721 984668 973693 951658 963516 905794 941803 939651 968651 995579 909693 907476 906071 910550 915661 931754 943640 965998 990535 932182 934988 905713 991632 998481 978218 944768 982461 909482 989177 970965 969677 947961 962707 920617 965843 937982 939502 982874 910742 987574 963507 939802 967094 949140 951762 944302 934213 900681 971115 957834 970487 939344 955773 973334 994454 986215 941892 922803 977753 970124 956867 938819 909453 963872 974843 927110 999036 901253 940222 995265 947878 953893 925830 991797 945204 935051 915299 911152 937494 929900 981548 990853 923955 966517 981851 997688 917037 934993 974542 966653 992782 988057 908759 932275 948103 956602 986658 965818 925595 931498 905672 928693 906544 938608 955432 998877 938829 915890 954275 966589 991970 933438 974956 926931 920081 923850 992679 940188 951629 968484 939500 952990 980518 937588 992060 958450 916691 919767 904498 950276 969830 920036 951702 928687 900014 976417 927688 941674 996680 952528 920771 963713 964757 907063 986040 909944 990070 951006 912441 997835 916450 998538 954708 964366 952461 942211 968488 936584 987611 946086 938660 974877 937736 949208 948115 964668 900150 923532 930796 918243 956205 994023 991670 986081 919951 928205 990994 994809 973303 950250 979011 939223 975839 969119 946024 934665 941051 939849 997202 986764 929082 942484 911367 968234 932151 994164 900782 964829 912660 912033 982811 910637 955589 955920 949307 960177 904634 901051 956208 913435 957229 947555 918748 967339 911784 971085 948115 995733 991852 964663 907049 986335 918070 903878 925292 923170 966546 940618 982415 904462 916823 900261 905789 900209 953714 970683 929364 934988 943765 967577 933163 921359 944929 962027 973084 903167 967763 924330 970583 919263 911979 997201 959747 957670 959337 975171 951219 923078 980786 952074 987126 908282 927027 935162 982161 996521 904906 958476 903838 901103 987851 925000 998911 949539 919992 955203 988725 973251 957901 928659 990090 900720 933301 978500 977972 943985 904460 984353 934879 996586 993805 990506 912504 921887 920527 980299 958639 996049 992644 991821 996476 950360 902137 923416 972895 905738 920389 915688 963167 965544 939595 959679 950906 980767 912637 913968 965949 957698 951858 929081 937024 963653 977566 993578 930156 958924 936950 946595 909870 921872 995093 933084 944374 972947 939700 963234 975273 926463 966725 947354 918451 934799 936324 974970 941578 926191 920141 922565 994454 941639 996462 955385 984875 951719 957457 922520 915823 972266 901338 984570 926600 912785 962990 914717 911472 966400 954609 995719 936301 978330 947961 916980 984507 913370 903826 928285 968951 999660 909033 918201 940493 948663 943056 958259 977635 929750 945413 915895 956593 933832
434 978 970 905 101 625 109 650 66 940 366 747 861 613 528 565 922 594 216 94 892 451 392 611 647 563 263 973 830 380 8 221 954 662 416 661 756 244 274 712 804 351 962 120 885 260 196 385 614 291 234 233 784 906 950 730 321 496 346 786 247 297 406 837 928 918 146 999 408 494 340 767 686 290 497 762 857 648 575 891 439 255 681 53 98 493 165 743 312 113 389 181 7 618 283 345 707 179 73 86 44 572 553 509 333 209 141 418 241 583 695 960 334 944 343 812 23 518 838 810 719 945 217 39 206 608 818 612 282 433 75 664 395 576 856 452 793 399 547 926 149 803 921 790 744 170 682 903 748 131 931 717 407 11 562 673 473 257 222 991 474 320 800 923 464 184 595 900 338 689 208 442 301 766 15 285 997 772 176 171 867 482 362 477 245 735 771 580 480 979 259 363 933 369 859 941 278 17 980 938 223 877 413 307 763 127 394 839 182 696 871 315 156 402 499 539 201 641 795 35 887 460 479 105 635 491 620 591 388 720 506 309 447 843 419 212 254 875 4 740 371 139 942 750 610 163 511 749 846 107 876 967 912 280 534 167 665 190 30 36 637 415 768 542 358 986 864 93 489 963 49 834 74 666 65 186 125 606 357 913 155 273 874 347 609 266 354 317 296 450 2 737 530 949 709 225 544 757 776 592 989 117 275 998 91 667 947 151 835 561 676 106 628 87 498 239 142 306 175 788 691 324 24 199 715 41 585 122 423 314 560 304 704 352 112 0 119 490 597 411 62 774 805 816 463 754 135 102 370 724 904 909 268 169 121 177 133 751 758 191 192 237 520 213 668 769 600 778 246 984 721 185 826 150 505 728 43 287 713 323 180 458 559 507 251 683 821 63 240 449 739 567 881 58 626 373 12 939 823 197 677 95 40 671 615 19 228 72 955 588 690 958 894 855 183 777 512 28 927 115 438 555 31 660 13 372 403 248 138 779 755 729 303 504 741 629 630 920 300 130 593 446 1 868 56 948 57 832 873 972 994 901 745 487 238 387 145 820 526 410 344 220 551 134 348 870 235 157 465 631 27 426 483 736 272 322 336 579 137 616 678 780 624 568 975 331 814 45 114 68 267 376 61 603 292 353 988 533 203 325 574 632 657 722 902 687 412 685 517 884 535 50 341 153 462 937 652 851 658 178 339 764 522 293 18 485 738 529 398 917 760 584 654 249 128 672 342 81 429 51 643 67 478 379 604 332 607 656 935 974 34 558 833 882 651 189 425 355 532 847 428 384 708 262 911 103 943 215 77 302 924 211 210 46 698 806 899 295 569 916 111 759 383 443 168 602 959 879 435 513 486 70 159 148 807 22 236 753 961 361 198 733 761 848 405 136 557 475 617 548 90 284 316 898 860 693 313 908 819 775 457 853 700 311 328 229 219 218 714 164 92 25 742 84 104 195 400 378 20 663 298 952 581 515 110 132 829 277 519 946 782 723 422 417 441 286 172 503 140 359 831 791 54 802 706 783 326 173 38 421 688 792 531 546 655 55 514 404 765 356 605 350 365 852 964 670 893 789 227 566 977 770 811 160 386 48 143 684 476 880 934 64 299 288 703 828 279 752 469 746 996 123 377 3 794 330 897 841 817 5 889 679 96 858 349 957 907 956 896 391 207 732 694 578 318 849 623 124 129 627 166 702 99 845 674 536 798 827 420 368 697 461 890 573 895 126 144 983 645 162 488 550 527 47 448 258 337 976 409 822 60 97 80 59 785 440 644 264 89 982 466 669 468 985 638 634 76 554 396 799 294 194 116 364 481 319 471 675 552 971 375 716 281 865 390 437 825 445 787 329 88 521 577 158 502 401 537 250 808 524 966 639 154 543 710 271 598 993 586 649 261 869 556 79 382 596 427 872 484 510 797 969 335 82 659 622 256 701 541 152 590 862 276 393 919 842 640 10 936 367 470 436 725 589 601 836 932 6 508 193 200 549 78 289 161 824 680 147 718 188 269 815 327 540 711 633 424 878 492 9 886 525 925 453 69 202 270 455 929 226 987 910 642 809 587 29 981 431 214 243 85 801 854 619 599 374 965 564 265 636 26 108 726 252 699 414 538 501 253 118 232 888 813 205 83 432 883 992 646 381 52 781 571 863 495 310 844 840 430 100 360 242 187 397 204 653 731 850 71 32 459 16 621 582 230 516 734 174 21 995 33 545 866 968 692 570 990 42 444 305 500 705 231 14 951 467 727 224 914 523 773 454 915 456 472 796 930 308 37 953
1000
278 738 655 1084 628 984 18 499999880 95 499999489 499999569 329 499999914 499999902 76 499999842 500000185 562 868 500000412 368 500000028 583 500000411 499999959 100 500000225 500000147 499999815 1016 500000322 499999863 500000348 499999709 500000441 499999458 281 158 500000074 500000445 499999999 848 567 148 499999846 547 500000392 632 499999626 726 665 167 847 500000035 515 1021 291 500000005 500000498 949 347 500000371 353 499999523 1006 780 500000511 499999631 784 447 499999949 501 500000275 499999978 194 837 499999760 500000008 380 499999513 538 500000194 500000373 297 760 500000249 892 223 744 500000244 785 500000021 500000058 723 78 500000418 499999909 499999517 197 159 472 500000205 499999530 499999515 1023 787 500000239 597 771 1070 505 603 499999776 499999870 500000376 500000408 711 830 1066 234 157 965 503 500000010 499999832 284 499999783 500000539 499999874 500000065 500000312 499999899 500000261 499999571 500000309 793 500000460 820 499999680 500000223 30 109 1004 807 499999508 539 675 500000290 500000013 500000390 499999724 681 39 499999739 499999604 680 402 499999969 80 499999478 207 500000219 499999714 1018 346 570 858 303 500000131 500000211 531 357 499999573 911 1020 190 499999919 499999813 446 500000367 499999757 500000134 481 500000358 500000337 667 1046 500000047 500000213 233 500000537 1005 362 646 10 499999936 500000452 499999507 400 116 499999535 500000304 906 499999531 500000438 688 499999630 649 500000394 500000200 163 213 669 499999725 235 500000031 695 500000546 104 461 499999912 585 1001 499999971 500000421 500000263 499999562 93 247 500000255 595 500000195 499999992 500000237 533 500000510 633 604 499999821 917 499999675 779 310 500000149 804 641 499999689 789 500000037 620 500000383 500000059 361 499999493 499999653 262 499999564 500000456 1052 499999963 131 499999781 499999905 301 499999618 500000531 499999967 686 210 500000272 499999928 63 500000127 499999791 1064 392 499999468 187 500000493 999 499999844 591 629 500000440 500000101 499999920 897 540 500000330 517 499999945 499999839 499999485 296 441 106 707 499999721 1031 1002 692 1017 500000023 500000538 500000148 871 14 500000012 619 500000449 500000403 219 309 987 117 500000420 757 546 499999735 379 500000125 385 938 499999654 499999690 499999761 618 500000333 500000110 339 500000282 500000385 914 499999505 38 500000509 486 499999974 499999483 193 166 499999722 127 1015 1085 703 767 499999609 499999931 500000145 132 51 498 313 110 499999825 4 862 1078 411 429 500000424 434 499999751 221 500000072 500000167 500000293 499999818 786 79 499999582 499999550 500000549 203 606 209 712 500000217 99 499999951 500000155 500000123 263 500000092 224 499999872 500000428 500000415 229 26 523 46 524 1034 499999782 500000182 384 162 500000524 639 485 1048 467 500000482 499999543 1032 1059 691 500000002 923 1045 184 895 880 500000164 612 500000259 499999737 499999539 430 500000168 535 499999697 869 656 500000437 211 896 905 499999492 499999858 499999601 499999853 500000496 499999894 499999882 499999598 499999551 500000525 196 500000030 500000430 796 499999939 705 208 499999510 854 499999693 1093 500000231 500000462 105 500000335 500000442 500000199 942 107 500000324 500000138 714 500000530 500000277 500000479 499999568 499999830 499999596 840 500000080 335 508 500000166 455 937 500000343 499999624 499999927 902 305 701 45 474 500000007 192 499999671 668 499999719 49 519 838 990 269 71 727 866 500000378 499999816 408 500000404 500000419 867 1028 997 617 499999546 500000409 12 499999804 172 500000486 499999691 83 499999591 72 654 527 500000006 499999787 500000543 500000062 473 600 499999808 150 500000490 437 500000521 584 499999948 794 500000520 232 499999560 499999577 534 13 41 1077 500000064 497 499999749 516 734 983 500000306 500000174 499999563 185 499999704 499999769 1102 499999836 499999619 500000426 622 374 799 499999877 783 499999491 499999893 500000362 577 998 499999771 476 500000283 499999840 1098 499999692 500000089 560 499999511 143 449 721 499999852 358 1065 500000111 1096 53 499999990 816 500000474 415 500000406 11 283 630 601 365 982 466 500000347 499999663 340 500000475 363 371 25 499999713 500000388 499999847 765 378 499999503 151 1058 499999720 500000273 950 499999943 1087 576 499999484 499999644 500000186 500000207 321 15 499999534 499999590 500000308 500000458 1036 499999664 500000276 186 180 137 37 500000381 500000353 500000267 573 500000191 326 749 509 500000043 900 499999628 200 500000177 500000221 499999614 709 499999567 500000091 500000487 125 500000210 947 499999869 500000425 352 258 254 500000051 555 637 500000352 759 878 134 500000502 500000070 499999677 865 658 96 500000039 907 129 1101 872 500000120 1074 499999585 500000492 500000281 592 238 607 500000057 24 644 500000153 499999822 499999665 500000541 499999998 499999537 239 968 935 386 653 569 1057 499999873 323 500000369 499999887 499999470 349 499999888 638 851 499999932 499999499 330 499999706 249 279 500000024 499999868 500000368 499999979 108 500000364 499999710 344 499999861 500000084 1029 673 499999579 1083 500000401 874 499999651 87 499999708 507 499999482 694 1073 315 246 500000299 974 499999561 1056 748 500000517 500000048 500000115 458 499999477 484 477 191 500000073 545 440 511 500000457 230 499999469 500000274 500000301 499999875 537 500000196 2 659 548 933 139 499999940 316 84 500000288 499999623 499999701 500000518 436 500000402 544 448 822 499999871 126 500000173 1042 57 70 7 314 684 489 499999602 500000313 469 1024 499999985 499999850 753 1014 500000459 587 500000017 499999572 394 500000000 452 488 377 499999944 500000224 1039 253 589 427 803 817 500000097 268 500000076 500000278 925 930 73 189 500000241 500000529 16 499999911 499999731 1086 75 212 1051 499999584 499999736 500000361 901 735 836 499999705 500000405 1027 500000380 946 410 499999729 716 720 500000257 92 500000112 499999837 121 499999865 499999892 500000015 870 732 500000429 47 964 985 499999666 23 500000119 499999777 891 500000422 500000218 220 140 506 499999942 876 571 6 687 500000096 1054 893 499999862 821 31 500000484 500000516 499999797 499999552 500000328 499999700 499999906 499999647 432 499999977 499999603 499999734 499999962 500000094 499999454 500000099 499999917 781 499999622 499999743 500000427 237 499999504 499999805 225 856 702 475 499999748 499999961 318 887 499999526 500000410 500000468 499999594 690 492 499999476 499999509 164 500000100 811 743 500000294 500000397 500000461 499999676 499999753 499999593 499999514 500000365 797 500000190 722 389 986 418 500000302 499999538 499999466 499999755 554 1091 500000443 1050 526 664 500000222 3 499999780 499999953 683 882 729 32 672 499999855 499999605 274 740 1063 778 611 360 146 267 464 500000157 52 908 500000292 500000471 500000159 354 798 890 499999891 500000262 336 500000042 250 499999617 48 499999929 500000106 499999610 499999648 500000215 499999786 499999845 451 499999774 677
2 2 2 2 2 2 2 1 2 1 1 2 1 1 2 1 1 2 2 1 2 1 2 1 1 2 1 1 1 2 1 1 1 1 1 1 2 2 1 1 1 2 2 2 1 2 1 2 1 2 2 2 2 1 2 2 2 1 1 2 2 1 2 1 2 2 1 1 2 2 1 2 1 1 2 2 1 1 2 1 2 1 1 2 2 1 2 2 2 1 2 1 1 2 2 1 1 1 2 2 2 1 1 1 2 2 1 2 2 2 2 2 1 1 1 1 2 2 2 2 2 2 2 1 1 2 1 1 1 1 1 1 1 1 1 2 1 2 1 1 2 2 2 2 1 2 2 1 1 1 1 2 2 1 1 2 2 1 2 1 2 1 1 2 2 2 2 2 1 1 2 2 1 2 2 2 1 1 2 1 1 1 2 1 1 2 2 1 1 2 1 2 2 2 2 1 1 1 2 2 1 1 2 1 1 2 1 2 1 1 2 2 2 1 2 1 2 1 2 2 1 2 2 1 1 1 1 2 2 1 2 1 1 1 2 1 2 2 1 2 1 2 2 1 2 2 1 2 1 2 1 1 2 1 1 2 1 1 2 1 2 1 1 2 1 1 1 2 2 1 1 2 1 1 2 2 1 2 1 2 1 2 2 1 1 1 2 2 1 2 1 1 1 2 2 2 2 1 2 2 2 2 1 1 1 2 2 1 2 1 1 2 2 2 2 1 2 2 1 2 1 2 2 1 1 1 2 1 1 2 1 1 2 1 2 1 2 1 1 2 2 1 2 2 2 2 2 1 1 1 2 2 2 2 2 1 2 2 2 2 2 1 2 1 2 1 1 1 1 2 2 1 1 1 2 2 2 2 1 2 1 1 1 2 1 2 1 1 1 2 2 2 2 2 2 1 1 2 2 1 2 2 2 2 1 1 2 2 2 1 2 2 2 2 2 1 2 1 1 1 2 1 2 1 2 2 1 2 2 2 1 1 1 1 1 1 1 1 1 1 2 1 1 2 1 2 2 1 2 1 2 1 1 2 1 1 1 2 2 1 1 2 1 1 1 1 1 1 2 1 2 2 1 2 2 1 1 1 2 2 2 2 2 1 2 1 2 1 2 2 2 2 2 2 2 2 1 1 2 1 1 2 2 2 2 1 1 2 1 2 1 1 2 1 2 2 2 1 1 1 1 2 2 1 2 1 2 1 2 1 2 1 2 1 1 2 2 2 2 1 2 1 2 2 2 1 1 1 2 1 1 2 1 1 1 2 2 2 1 2 1 1 1 2 2 1 2 1 1 2 1 1 2 1 2 2 2 1 2 2 1 2 2 1 2 1 2 1 2 2 2 2 2 2 2 1 1 2 1 2 2 2 1 1 1 2 2 1 2 2 1 1 2 1 2 2 1 1 1 1 2 2 1 1 1 1 2 1 1 2 2 2 2 1 1 1 2 1 2 2 2 1 2 1 2 1 1 1 2 1 1 1 2 1 2 1 1 2 2 2 1 2 2 1 2 2 2 1 1 1 2 2 2 1 2 2 2 2 1 2 1 1 1 2 2 2 1 2 2 1 1 1 1 1 1 2 2 2 2 2 2 2 1 2 1 1 1 2 1 2 2 1 1 2 1 2 2 1 1 1 1 2 1 1 2 1 1 2 2 1 2 1 2 1 2 1 2 1 2 2 2 2 1 2 1 2 2 1 1 1 2 1 2 2 2 1 2 2 2 1 2 1 1 1 1 2 1 2 2 2 2 2 1 2 2 1 1 1 1 2 1 2 2 2 1 2 1 2 2 2 2 2 2 2 1 1 2 2 1 1 2 2 1 2 1 1 2 1 2 2 2 1 1 2 2 2 2 2 2 1 2 1 1 2 2 2 2 1 1 2 1 1 2 2 2 2 1 1 1 2 2 2 1 1 2 1 2 2 1 2 2 1 2 1 1 2 1 1 1 2 2 1 2 2 2 1 2 1 1 2 1 1 2 2 2 1 2 2 2 2 1 2 2 1 2 2 1 1 1 1 1 1 1 1 2 1 1 1 1 1 1 1 1 2 1 1 1 2 1 1 2 2 2 2 1 1 2 2 1 1 1 1 2 2 1 1 2 1 2 2 1 1 1 1 1 1 1 1 2 1 2 2 2 2 1 1 1 1 2 2 1 2 2 2 1 2 1 1 2 2 2 2 2 1 1 2 2 2 2 2 2 2 2 2 1 2 2 1 1 1 2 2 2 1 1 2 1 2 1 2 1 1 1 1 1 1 1 2 1 2
742 326 402 16 427 112 984 610 911 963 887 700 579 589 929 644 328 486 215 132 666 471 468 133 534 907 293 363 668 81 210 626 188 758 104 993 739 850 429 101 497 233 482 860 640 500 149 423 833 336 393 841 234 465 529 76 730 492 49 144 685 167 681 931 91 290 37 829 286 595 544 543 251 516 819 242 715 489 656 939 508 320 165 727 308 271 195 793 321 276 285 477 444 339 927 127 584 936 816 849 572 312 924 937 74 283 280 455 298 29 539 449 702 620 163 136 350 247 33 782 851 130 541 487 654 736 695 10 616 438 220 592 263 885 222 278 86 257 785 295 973 898 93 267 944 507 383 238 484 151 744 378 964 731 853 379 636 524 925 974 808 299 753 79 686 479 224 722 377 306 514 677 883 177 77 823 574 670 596 170 718 374 563 178 198 391 52 454 305 783 12 92 672 411 992 557 94 945 638 891 919 227 181 923 107 371 830 408 148 314 845 802 389 743 781 469 365 4 903 583 581 466 96 523 124 261 894 913 771 268 456 319 504 282 513 38 422 448 663 171 790 291 716 361 269 416 777 281 463 434 157 443 673 959 810 756 892 90 46 530 876 697 587 724 839 18 526 373 805 254 565 940 380 688 35 645 983 825 54 98 642 460 426 105 405 573 190 506 203 527 548 647 967 728 601 901 354 747 66 95 367 80 475 11 362 212 988 485 435 97 140 797 717 109 890 125 311 501 734 657 382 652 153 809 776 714 436 201 397 690 245 155 174 947 965 39 558 520 969 820 842 746 880 82 15 358 302 848 562 364 875 952 546 713 897 660 997 221 21 629 612 121 607 723 795 431 344 236 665 284 926 874 906 2 811 447 806 349 301 908 542 355 384 755 414 792 618 117 129 787 977 522 957 521 63 696 331 653 846 24 418 559 50 577 64 912 65 40 368 495 166 53 828 192 204 347 441 265 732 915 611 343 511 770 214 401 108 804 191 182 960 631 856 634 51 597 608 859 905 23 817 470 115 275 554 356 807 942 228 773 7 288 84 902 200 103 315 150 900 208 370 348 19 249 67 888 655 861 239 424 694 536 345 588 154 193 834 566 185 720 360 958 570 490 821 794 390 749 954 525 241 106 750 934 335 217 162 667 632 139 126 216 69 100 437 909 135 990 679 837 60 775 922 866 933 403 518 491 691 6 440 571 452 675 858 57 605 27 467 545 277 28 784 896 879 512 989 962 22 439 547 725 528 330 113 225 337 893 827 763 708 0 650 838 119 432 661 272 613 287 961 598 175 472 99 706 568 244 646 3 774 417 488 941 865 593 341 635 676 34 396 5 950 505 260 72 625 137 991 737 425 451 669 114 578 189 801 689 71 671 664 978 754 152 639 304 658 949 857 41 748 253 143 550 13 473 968 818 327 310 707 987 920 867 223 88 61 800 250 826 831 870 966 159 183 258 476 323 703 316 535 457 187 832 813 334 297 843 352 889 415 59 882 307 146 621 120 682 760 764 450 493 420 184 309 206 873 45 433 788 218 399 910 461 180 878 1 211 387 25 871 55 246 459 779 446 445 979 413 357 662 799 8 498 917 778 128 156 651 404 480 42 617 705 168 604 981 683 603 419 231 561 953 699 761 769 741 474 622 169 515 899 173 757 687 628 421 68 385 877 17 142 209 812 918 759 537 970 366 26 711 772 232 122 895 43 317 31 453 392 585 975 560 567 822 430 502 602 533 89 786 982 252 230 615 509 318 999 398 499 158 869 553 710 921 240 835 766 30 606 141 503 594 255 619 881 338 56 946 935 994 712 375 555 855 219 575 73 510 637 313 83 87 464 481 884 643 496 590 556 659 549 294 58 765 462 614 270 259 409 751 428 248 164 161 932 824 279 20 986 582 738 14 930 803 47 872 733 176 186 329 243 762 138 70 160 147 630 740 346 342 266 914 395 649 886 624 599 483 213 332 116 956 131 111 798 980 388 701 196 123 300 796 868 538 551 207 478 995 372 410 44 194 627 256 972 62 32 684 904 205 767 586 815 609 517 854 735 531 412 996 407 576 289 836 729 118 780 948 678 791 226 359 569 726 532 709 199 928 134 78 863 369 552 976 943 844 406 264 322 235 145 85 789 721 864 938 172 274 324 340 648 110 623 229 916 985 719 494 9 102 48 519 394 296 998 698 540 376 202 333 971 386 633 852 745 325 36 292 442 674 862 752 580 353 951 179 237 75 351 680 273 197 600 262 693 458 768 840 955 564 400 847 814 303 692 641 591 704 381
