10
100
9861 9903 9921 9890 9928 9921 9940 9901 9941 9927 9870 9967 9887 9888 9890 9895 9953 9912 9940 9907 9956 9879 9952 9922 9931 9883 9984 9897 9892 9909 9934 9889 9860 9889 9891 9917 9940 9866 9905 9956 9905 9872 9883 9920 9915 9890 9865 9950 9919 9865 9902 9917 9950 9955 9912 9874 9957 9834 9907 9983 9918 9852 9878 9881 9858 9854 9941 9893 9882 9972 9926 9912 9958 9973 9914 9910 9869 9823 9872 9911 9915 9946 9841 9879 9891 9861 9870 9877 9888 9891 9866 9868 9927 9892 9872 9924 9958 9980 9896 9891
5 9 3 10 7 7 4 5 4 3 6 4 10 9 8 3 5 8 2 10 1 6 5 7 1 8 2 7 1 5 2 4 6 10 5 2 1 9 7 5 10 8 10 1 5 9 5 6 5 8 5 8 2 5 4 6 1 9 1 1 7 10 10 7 7 6 6 4 8 1 1 7 4 3 10 2 5 10 4 9 8 5 9 8 2 7 5 10 8 4 8 7 1 3 5 2 3 1 3 10
98 25 55 30 16 23 28 59 27 49 82 1 33 40 46 81 7 24 44 13 36 73 8 22 61 53 0 47 99 51 50 79 91 31 69 67 52 62 39 4 15 64 37 72 45 38 94 2 41 71 58 19 34 5 56 78 35 93 85 9 26 68 42 63 86 97 11 75 54 20 66 32 10 3 6 74 90 96 95 17 21 14 87 57 92 83 89 43 48 77 70 76 65 84 88 60 18 12 80 29
100
6119217 4867313 8998502 8372485 5055149 7496261 6995524 4616999 6682549 5743661 6306948 6181786 6682562 5368111 4116160 5430616 5743590 4304031 8935843 6745124 6619890 8873248 6056552 4616919 3865793 4742151 4116173 5368063 4554384 8247306 4116186 3991038 5430655 8247326 9311404 3803251 5806216 8122119 8748129 7058063 6619909 7183238 5242840 8810670 5555826 5117714 6870283 4554388 6870317 8810732 6369604 6306999 8873226 3865841 4366622 5743595 4992534 7871788 8935868 5868783 7371047 8810659 7996970 9311420 8184767 8122183 5743638 6244392 8372543 5806185 8873280 5743632 4929887 7996925 8059587 6432175 5305438 4929871 5493229 8309946 7433656 4178838 7120660 8122146 7496228 5868803 6244402 9311454 3740642 4929967 7746604 7871744 5493284 8873321 8435146 7809229 7371026 9123663 4679535 8748091
62 82 16 26 79 40 48 86 53 68 59 61 53 74 94 73 68 91 17 52 54 18 63 86 98 84 94 74 87 28 94 96 73 28 11 99 67 30 20 47 54 45 76 19 71 78 50 87 50 19 58 59 18 98 90 68 80 34 17 66 42 19 32 11 29 30 68 60 26 67 18 68 81 32 31 57 75 81 72 27 41 93 46 30 40 66 60 11 100 81 36 34 72 18 25 35 42 14 85 20
17 61 10 96 4 19 12 3 22 15 65 41 9 7 97 94 85 6 76 40 87 78 88 82 92 37 84 55 25 89 72 34 56 70 73 42 53 90 11 66 69 77 91 63 71 32 67 21 33 1 2 14 99 45 8 81 26 50 51 79 47 74 54 57 36 27 38 28 39 83 46 44 80 98 30 24 86 95 75 43 31 13 62 64 52 59 18 23 58 0 48 93 20 5 29 16 68 35 60 49
100
281554657 248200380 231858507 230488708 280180167 300697666 261533754 243727154 279441966 246316171 241083104 285318451 238819649 232539942 251415613 260819697 251309945 296188653 246782357 257203514 299264084 224276582 271101735 247017059 278093881 238079145 245754368 240571786 248020866 287744277 234672019 237918370 276001408 254382222 295964904 263812658 232344884 278294331 267578734 290417926 262078359 287691386 232567942 266474638 261589686 234351125 252169316 265273416 231569512 248773839 270610641 284919078 284472293 240350372 237344950 233182558 242518968 236245514 254465390 252215100 262139784 267440467 263009971 274805690 289020898 251912161 252904357 252133603 228330204 264679802 234945514 231267204 299956398 273916757 249509590 261288143 296231374 256228383 258727932 231470012 264677503 281532140 283825856 270763655 282612916 257752828 256553136 269263351 289056583 252160800 253965767 260296717 268051145 223194960 293751246 251476976 280756658 261763714 261970379 258978912
924640 967567 988599 990362 926409 900003 950407 973324 927359 969992 976727 919796 979640 987722 963429 951326 963565 905806 969392 955980 901848 998357 938093 969090 929094 980593 970715 977385 967798 916674 984978 980800 931787 959611 906094 947474 987973 928836 942627 913233 949706 916742 987686 944048 950335 985391 962459 945594 988971 966829 938725 920310 920885 977670 981538 986895 974879 982953 959504 962400 949627 942805 948507 933326 915031 962790 961513 962505 993140 946358 984626 989360 900957 934470 965882 950723 905751 957235 954018 989099 946361 924669 921717 938528 923278 955273 956817 940459 914985 962470 960147 951999 942019 999749 908943 963350 925667 950111 949845 953695
62 60 69 18 39 3 7 97 90 44 17 56 70 63 53 1 49 84 58 25 20 28 4 11 80 93 76 68 87 24 74 29 92 30 57 43 94 96 86 32 78 79 35 65 19 67 40 45 21 27 33 51 61 37 23 26 48 5 2 99 36 47 89 8 15 9 41 12 16 31 83 75 13 52 95 85 98 22 81 64 0 46 34 88 77 50 54 6 71 10 14 59 91 66 42 73 82 38 55 72
500
9050 3620 9333 6513 3557 3583 6588 4803 7385 8966 4836 3521 5749 9242 7770 5155 7397 8475 4183 5975 9238 3736 6416 8330 7864 7419 4155 4210 4477 8906 7866 8398 3816 7054 5481 6612 5471 5665 8230 3750 3391 7137 3649 7772 6896 5750 6520 3495 4399 4041 6750 4562 7697 3815 8916 9001 7423 5480 4740 6977 6014 7829 8687 8987 6627 4373 5234 3092 6170 5126 8187 8929 3090 6285 7580 4132 3877 7728 6040 8043 6657 3518 5259 3109 3256 6213 6547 4995 5795 5237 5485 6421 6397 5517 5357 8604 7303 8438 8898 3257 8271 5332 3174 3098 3801 4284 4858 4265 6398 3193 7424 5435 9301 6357 3782 7114 4271 7873 4809 3142 6803 7103 5847 3668 4739 8522 4679 6105 6359 4578 5580 9062 7516 3806 5011 8719 5501 3999 7923 6997 4812 3286 3388 9346 7754 8606 7835 4430 8651 8162 9361 3258 4730 7160 9302 5700 7116 7742 4795 8363 4192 7145 7813 9127 6909 4869 6462 3306 5376 4116 6179 3900 3339 6376 3239 9295 4913 5673 6591 5280 9012 7987 4762 6315 4138 7925 9036 8332 4007 5554 4647 6537 9363 5880 4789 7003 6153 8545 3289 7898 5483 7206 7594 9046 3614 7461 5325 7390 5821 5315 8805 4640 7596 7845 8242 6959 7124 3771 7915 8060 4120 6360 5163 7878 3363 5144 4039 8620 5001 6532 4177 5094 4816 4113 7633 8621 7197 8999 6459 3453 3466 7521 5867 9277 8654 8587 5805 4761 7277 3272 5667 4634 6967 6994 7848 5286 6092 6453 7875 4471 6129 7096 8862 8073 5897 6050 6845 8077 5618 7843 6757 3549 8228 5518 3313 4807 3844 4894 4806 8044 3236 5827 3413 7282 4583 6985 5464 5171 8067 8507 5989 7936 5241 3441 7852 5779 4732 5052 6440 8954 5791 4651 3593 8625 5293 6589 5356 6389 4184 8270 5563 3136 8018 3166 5302 6677 9255 6064 5055 3248 7184 4938 7797 8801 4267 8714 8278 3788 5787 6617 6089 8776 3196 6464 4166 8527 8423 8300 4844 7534 6539 5540 3293 3165 3145 8011 7571 5894 8026 7403 3172 6835 3520 7572 9165 5189 5071 5556 7448 4200 5122 3635 8580 3492 5784 6524 7867 6902 4303 7691 7759 4191 3494 9344 6362 8347 9103 4134 6631 4314 5682 5722 4111 3688 5672 4799 6432 4851 7224 7605 8958 5659 3738 4408 5818 3132 5764 3335 3510 9082 5152 7018 7819 7637 6308 8924 5954 8094 5648 7401 7869 9028 8661 6267 3091 4076 6036 5505 7968 5377 8035 4046 8582 7781 4140 4702 5566 8429 7120 7211 6829 3657 4996 3186 3591 5478 6365 3249 4358 3231 5968 6785 8339 8235 4102 9331 4527 3580 8014 8831 7921 3513 9194 6438 4683 7200 4588 6270 3531 6183 7555 9078 5910 8001 4678 7609 6598 8893 5422 5222 5693 7681 8238 5212 7661 4586 7771 5013 5724 3859 7551 5297 7039 7122 6367 5748 4038 4273 3958 9040 4790 5057 8967 7088 8623 4848 5147 4773 6467 6622
1 10 1 5 10 10 5 8 4 1 8 10 6 1 3 7 4 2 9 6 1 9 5 2 3 4 9 9 8 1 3 2 9 4 7 5 7 6 2 9 10 4 10 3 4 6 5 10 8 9 5 8 3 9 1 1 4 7 8 4 6 3 2 1 5 8 7 10 6 7 2 1 10 5 3 9 9 3 6 3 5 10 7 10 10 6 5 7 6 7 7 5 5 7 7 2 4 2 1 10 2 7 10 10 9 9 8 9 5 10 4 7 1 5 9 4 9 3 8 10 5 4 6 10 8 2 8 6 5 8 7 1 3 9 7 2 7 9 3 4 8 10 10 1 3 2 3 8 2 2 1 10 8 4 1 6 4 3 8 2 9 4 3 1 4 8 5 10 7 9 6 9 10 5 10 1 8 6 5 7 1 3 8 5 9 3 1 2 9 7 8 5 1 6 8 4 6 2 10 3 7 4 3 1 10 4 7 4 6 7 1 8 3 3 2 4 4 9 3 3 9 5 7 3 10 7 9 2 7 5 9 7 8 9 3 2 4 1 5 10 10 3 6 1 2 2 6 8 4 10 6 8 4 4 3 7 6 5 3 8 6 4 1 3 6 6 5 3 6 3 5 10 2 7 10 8 9 8 8 3 10 6 10 4 8 4 7 7 3 2 6 3 7 10 3 6 8 7 5 1 6 8 10 2 7 5 7 5 9 2 7 10 3 10 7 5 1 6 7 10 4 8 3 1 9 2 2 9 6 5 6 1 10 5 9 2 2 2 8 3 5 7 10 10 10 3 3 6 3 4 10 5 10 3 1 7 7 7 4 9 7 10 2 10 6 5 3 4 9 3 3 9 10 1 5 2 1 9 5 9 6 6 9 10 6 8 5 8 4 3 1 6 9 8 6 10 6 10 10 1 7 4 3 3 5 1 6 3 6 4 3 1 2 5 10 9 6 7 3 7 3 9 2 3 9 8 7 2 4 4 5 10 7 10 10 7 5 10 8 10 6 5 2 2 9 1 8 10 3 1 3 10 1 5 8 4 8 5 10 6 3 1 6 3 8 3 5 1 7 7 6 3 2 7 3 8 3 7 6 9 3 7 4 4 5 6 9 9 9 1 8 7 1 4 2 8 7 8 5 5
266 56 28 277 112 90 214 125 74 334 99 140 390 107 282 357 64 219 116 199 110 488 358 339 203 46 138 94 399 388 201 284 424 351 85 195 95 461 427 476 247 283 33 280 484 389 272 164 465 234 78 324 341 425 379 306 42 86 178 419 168 232 40 318 182 483 290 497 36 382 463 369 499 470 444 158 372 315 145 51 157 143 271 485 363 1 246 491 348 287 81 353 376 53 189 113 144 248 396 362 392 209 435 493 438 29 77 45 375 417 41 124 55 410 454 300 39 196 120 460 34 310 305 16 179 181 227 92 409 311 3 255 492 434 477 14 66 269 154 403 118 335 250 17 293 111 226 440 71 481 6 361 185 263 54 433 298 303 131 312 108 276 244 202 473 67 319 320 173 171 27 350 291 394 378 59 31 455 211 251 297 103 159 446 153 152 278 337 261 22 253 256 4 279 136 397 49 162 332 175 83 225 432 270 61 10 215 70 327 223 471 259 430 218 416 436 292 462 161 37 169 408 349 192 274 368 236 101 486 260 121 411 114 174 398 100 233 308 321 197 187 489 288 75 68 127 340 160 167 347 459 265 428 406 216 245 105 326 194 405 69 316 426 26 264 137 0 23 496 220 72 119 429 52 313 122 401 47 123 50 380 322 231 163 307 413 102 343 32 193 188 142 286 207 212 364 184 447 336 345 352 249 80 96 241 213 190 381 115 393 15 466 73 441 235 139 97 126 445 371 243 9 258 474 43 18 385 449 356 191 106 494 415 317 129 177 262 367 91 478 254 35 330 442 458 79 451 267 65 58 437 7 141 450 170 328 431 20 21 104 386 44 132 166 359 268 200 479 13 346 289 109 165 19 407 325 222 156 180 5 448 414 176 2 456 128 344 84 210 421 342 467 487 457 329 469 377 295 150 239 360 383 240 395 452 373 217 8 472 60 198 285 62 482 498 204 148 63 117 172 57 229 130 273 151 208 12 257 296 221 11 25 490 423 82 88 404 370 495 384 205 48 331 422 183 30 354 93 76 453 155 147 146 338 224 230 302 480 133 24 464 242 252 89 228 418 206 400 134 299 439 355 420 309 374 304 281 475 412 387 468 238 366 294 402 391 237 38 301 275 135 443 333 323 98 87 365 149 314 186
500
9569764 9480942 9847617 9496708 9517675 9884674 9590969 9852843 9874212 9921106 9627831 9659067 9936955 9774083 9627464 9617420 9889374 9941961 9580227 9900113 9795251 9664394 9475408 9727296 9643327 9574972 9538536 9496950 9769170 9737553 9947292 9701198 9842360 9695510 9947235 9507126 9533102 9947266 9947406 9622304 9711527 9543580 9622135 9900316 9774615 9685323 9926142 9533442 9611812 9768871 9732269 9789918 9858442 9706307 9570207 9648868 9596184 9701264 9790226 9601253 9790218 9905625 9559479 9858141 9653917 9811075 9616996 9853186 9501724 9763647 9811214 9475441 9926555 9947369 9528145 9690628 9622691 9512679 9800796 9496732 9920928 9905383 9915768 9732219 9585960 9507438 9837188 9863282 9685130 9847926 9523118 9763725 9884577 9816088 9769239 9889956 9926400 9481143 9501949 9643328 9784731 9486211 9674537 9517725 9569917 9847961 9926566 9622130 9653954 9842741 9569966 9496503 9501657 9580633 9622675 9648700 9706409 9554106 9491501 9679792 9795247 9879029 9637883 9926398 9496543 9826916 9894884 9549222 9900153 9611646 9800302 9789866 9711287 9900298 9884527 9538281 9622704 9763738 9669355 9743213 9921231 9716997 9496696 9853047 9611761 9816356 9816253 9753403 9575155 9873734 9533098 9842570 9648547 9747898 9868741 9585720 9575106 9512476 9753145 9554120 9816231 9533337 9842793 9747945 9758412 9496790 9821656 9931809 9527881 9700804 9910810 9643524 9721736 9659090 9742965 9826562 9774642 9690375 9580723 9910795 9512270 9522977 9884356 9501912 9831755 9585731 9937070 9926152 9632701 9538525 9486129 9910336 9575178 9831770 9544095 9638312 9538468 9648789 9701071 9748158 9795404 9554428 9507341 9502098 9695518 9884153 9863697 9832124 9905666 9732694 9512607 9868451 9548867 9805944 9674718 9810799 9564830 9690304 9895056 9643517 9847893 9591168 9721861 9884547 9842240 9795216 9732571 9920945 9721923 9522848 9853128 9491402 9549150 9554409 9916155 9779649 9910827 9580681 9680065 9664299 9475863 9679929 9711553 9538335 9837527 9910624 9900254 9737675 9480745 9716690 9695692 9852778 9569926 9480645 9837108 9947263 9873936 9758456 9622205 9847488 9506907 9748398 9664249 9742974 9680225 9748341 9810805 9811128 9643331 9580300 9700791 9894865 9612148 9737765 9779884 9716739 9821415 9700964 9784739 9506995 9879382 9475992 9879016 9926517 9533132 9580695 9774657 9915798 9543735 9690564 9748197 9758856 9931811 9685029 9847644 9826646 9664053 9486196 9695965 9674799 9559707 9496697 9769353 9664232 9721749 9491679 9769100 9936661 9805988 9884197 9842342 9900180 9790304 9790232 9894817 9879374 9559818 9847503 9617030 9549121 9931476 9868470 9769111 9737930 9837077 9910920 9569876 9601382 9706399 9543864 9654126 9627945 9784935 9669494 9491414 9528111 9784942 9921245 9538773 9632854 9921093 9486290 9617198 9538437 9915982 9900108 9475632 9674581 9711461 9580756 9732233 9538867 9617360 9769135 9507393 9853105 9889934 9544081 9648434 9548859 9586019 9879321 9638004 9512219 9496680 9648659 9549198 9564642 9554420 9763842 9816193 9664137 9769434 9905390 9664269 9894938 9727299 9569888 9528324 9790195 9564613 9496492 9528187 9737938 9758688 9512089 9616956 9632770 9758576 9743053 9475670 9795266 9517519 9847951 9900218 9942149 9570219 9570288 9936685 9853140 9790279 9941897 9926187 9480983 9480940 9732669 9947144 9638368 9664603 9947342 9721890 9706236 9779356 9779784 9868812 9695939 9811069 9648712 9622630 9475633 9837358 9790200 9763620 9507080 9732741 9564883 9858241 9611843 9517794 9475589 9936740 9554500 9753350 9549131 9732162 9533192 9795587 9774191 9638117 9533321 9512488 9768868 9821792 9486178 9769383 9842327 9795463 9638386 9554359 9947473 9669831 9674588 9910411 9549279 9748330 9832296 9627612 9727234 9858133 9622246 9685202 9517706 9596304 9926265 9491637 9727503 9942351 9606674 9606407 9931785 9826926 9821380 9743083 9638410 9695992 9826994 9942249 9638217 9910639 9485926 9800383 9931460 9774134 9575268 9894624 9580434 9611863 9486041 9491472 9591150 9695658 9512342 9853006 9643622 9947072 9669390 9748202 9559659 9789874 9648772
82 99 29 96 92 22 78 28 24 15 71 65 12 43 71 73 21 11 80 19 39 64 100 52 68 81 88 96 44 50 10 57 30 58 10 94 89 10 10 72 55 87 72 19 43 60 14 89 74 44 51 40 27 56 82 67 77 57 40 76 40 18 84 27 66 36 73 28 95 45 36 100 14 10 90 59 72 93 38 96 15 18 16 51 79 94 31 26 60 29 91 45 22 35 44 21 14 99 95 68 41 98 62 92 82 29 14 72 66 30 82 96 95 80 72 67 56 85 97 61 39 23 69 14 96 33 20 86 19 74 38 40 55 19 22 88 72 45 63 49 15 54 96 28 74 35 35 47 81 24 89 30 67 48 25 79 81 93 47 85 35 89 30 48 46 96 34 13 90 57 17 68 53 65 49 33 43 59 80 17 93 91 22 95 32 79 12 14 70 88 98 17 81 32 87 69 88 67 57 48 39 85 94 95 58 22 26 32 18 51 93 25 86 37 62 36 83 59 20 68 29 78 53 22 30 39 51 15 53 91 28 97 86 85 16 42 17 80 61 64 100 61 55 88 31 17 19 50 99 54 58 28 82 99 31 10 24 46 72 29 94 48 64 49 61 48 36 36 68 80 57 20 74 50 42 54 34 57 41 94 23 100 23 14 89 80 43 16 87 59 48 46 13 60 29 33 64 98 58 62 84 96 44 64 53 97 44 12 37 22 30 19 40 40 20 23 84 29 73 86 13 25 44 50 31 17 82 76 56 87 66 71 41 63 97 90 41 15 88 70 15 98 73 88 16 19 100 62 55 80 51 88 73 44 94 28 21 87 67 86 79 23 69 93 96 67 86 83 85 45 35 64 44 18 64 20 52 82 90 40 83 96 90 50 46 93 73 70 46 49 100 39 92 29 19 11 82 82 12 28 40 11 14 99 99 51 10 69 64 10 53 56 42 42 25 58 36 67 72 100 31 40 45 94 51 83 27 74 92 100 12 85 47 86 51 89 39 43 69 89 93 44 34 98 44 30 39 69 85 10 63 62 17 86 48 32 71 52 27 72 60 92 77 14 97 52 11 75 75 13 33 34 49 69 58 33 11 69 17 98 38 13 43 81 20 80 74 98 97 78 58 93 28 68 10 63 48 84 40 67
465 252 357 211 204 38 264 368 23 248 109 282 139 497 415 51 488 340 479 278 331 205 493 188 299 490 291 9 225 375 261 102 371 476 309 266 449 283 164 351 228 451 487 104 54 232 417 168 360 475 411 404 64 212 96 43 285 47 146 425 153 46 306 322 202 240 406 80 400 462 124 467 71 193 213 178 24 1 70 190 396 251 334 452 66 2 316 401 395 97 34 399 122 428 170 3 199 83 210 298 361 224 485 165 343 65 61 491 174 50 300 384 454 140 37 184 128 413 183 474 335 378 466 201 352 138 267 117 242 495 482 445 429 121 163 499 13 389 436 22 142 35 222 195 402 203 293 268 345 424 453 192 317 484 217 271 381 172 480 403 313 256 6 446 458 143 155 58 433 431 93 132 455 263 230 432 31 392 63 105 348 154 308 243 472 262 42 408 418 301 297 486 324 460 20 108 350 111 208 273 197 144 85 88 470 473 53 166 11 55 60 459 412 148 342 469 209 447 123 137 125 95 353 145 468 358 159 382 303 265 129 269 176 161 4 226 79 99 249 290 116 363 206 456 27 250 156 276 414 296 330 421 336 496 379 286 257 423 430 461 444 68 333 223 114 118 464 194 295 419 440 284 78 196 29 254 359 302 355 374 84 7 391 103 426 90 18 307 327 231 238 89 56 477 337 365 489 239 98 272 113 221 73 347 442 33 289 386 112 434 385 218 82 141 325 91 17 448 377 198 344 441 279 57 405 0 373 321 135 214 28 12 189 328 259 244 182 131 92 292 260 160 237 372 150 281 312 450 288 36 438 10 100 258 39 147 21 32 407 420 16 134 367 388 235 219 136 369 151 304 346 422 5 245 315 220 185 364 62 173 393 394 179 52 227 492 435 362 326 157 280 318 341 75 186 177 87 26 366 119 101 390 380 215 253 77 383 59 30 216 332 275 471 115 158 120 246 175 76 311 171 169 483 305 15 167 234 338 106 349 323 86 314 191 498 376 44 409 274 270 162 478 40 255 48 397 149 45 200 107 41 443 427 67 127 19 294 241 329 398 339 180 181 319 69 14 8 277 494 81 130 387 133 25 74 72 94 187 236 463 416 354 457 247 481 310 320 370 207 110 356 287 229 49 439 410 233 152 437 126
500
737946634 742178839 739954616 733725048 744813964 755514736 735367206 749257464 731646374 739241262 741019042 754299743 736223960 746400025 750362866 751935189 733639809 741649643 753397103 732747367 732597596 756390974 755544945 749240237 749864317 754357954 742275239 732369008 738266797 735147307 734710251 731048129 744720280 736910096 732041615 734592103 730846875 751575333 736202339 746909849 754652096 756915962 743074425 745289793 756889946 743074953 751981072 730376771 745670113 754078512 736925757 734176294 755792928 738954645 731869123 753012219 748906549 748125428 749277666 747485272 737653584 756758661 738780463 739031196 730224720 733436814 747916042 737097207 744852774 742229925 746578152 755405997 741959689 740777268 756433047 731540090 753199852 739655624 746589796 756407476 740601094 751719519 751967602 730367151 749601530 739622030 749261729 736674982 750925261 749006548 740615087 754964276 737233271 754115892 756548238 750891430 735376701 738426797 754871224 736749965 736801685 741814763 736331119 748191126 753997174 748103017 754741488 735441704 734037802 744199045 751308305 747685826 736555438 754195326 738907785 744792459 735588315 746269346 735878909 751844855 748889310 756916740 734521505 747648001 756043686 740365147 734455009 755304664 735526912 755135390 749176485 738481337 752323771 741641154 752791601 734085991 752542559 740522671 752248058 749134598 754859237 735620877 734926917 744155527 736434983 754343758 731216837 739629088 751746593 730289707 736514854 730594277 745876539 735020090 751212196 749973595 752466379 752419193 738339533 753893050 754653226 733554514 737031164 738766797 754133288 753967140 754525898 741803750 747767702 736346505 746537571 743208078 739566505 749296303 736323217 751021941 742184181 735658683 731701214 736165700 748438835 752725493 740721703 733296551 756104051 752560976 750934942 755585877 744905584 730695899 750268069 750452441 748028093 738945658 746425868 739765235 735916843 733855536 733551741 754153539 733290698 740283428 740090627 754041181 739087578 744673636 756667136 755758735 749379643 755660912 751590682 752166522 753533735 740476976 732407939 733177678 738629142 733448846 741750735 738755474 753060482 756390100 731333221 744938854 751130891 752980856 733332942 734532789 736951586 755048167 733082541 735459643 738860909 751841243 742746137 752802331 741405933 755229552 751782953 739978786 730790517 745829751 752199529 742951387 754582218 732490621 743041760 737753563 748589201 748706910 738566530 737757954 733126326 736138122 742030473 733487862 730791995 752020605 730174443 740482043 747101056 734160379 731573462 738258361 754970316 750093369 734119134 735050759 743093676 730268653 751194305 733842134 730374665 747239019 748348274 743546755 746472265 751241976 731809306 731642017 735571620 743944089 754157745 731014044 756401740 753804684 732637217 735616177 742196140 743902639 734972043 738241738 743978410 748586918 741352281 744028037 734854563 751092812 732540789 736323646 732105940 754756278 754580640 741756592 741886481 735464029 748077269 746467621 744697998 730199203 751963959 742749631 751589552 754965266 751106764 745052817 736962093 738225542 732860208 734158131 748955111 735113758 731739691 738437981 744881730 745927928 748785928 750726500 747082968 732722325 753919392 754751765 752364022 737868055 752409658 748100338 735129920 745397564 745814679 755161254 735851177 753099440 754283239 743435023 735972378 730883730 753509622 736188634 736661527 734243634 733586432 734704004 733216922 749167714 751422095 738617968 751253082 749646376 753675342 746415503 747012518 750222457 745042228 738741488 750380485 743811907 737966825 745538665 741733749 730013910 752688614 748922885 756098481 730552968 751800303 745774458 747111204 746761167 731877608 744062377 755458287 732947459 752362204 734077014 756899494 736742283 748032293 735681022 743607892 732813893 749130361 751661929 751793376 738312370 748905346 755907170 742364409 750380510 734144118 733938693 747148957 732504946 752592011 740087913 751467879 746943024 730685774 744384092 736290327 756245809 754916808 736278380 748155336 737120065 738443861 736121478 749307898 745399650 745277763 731998651 751991289 756301653 745983950 740217251 755371892 732487820 740761744 732513646 737948639 739503450 746078260 756255176 732993769 747068509 741004105 751742056 739724309 742362760 744360647 750675212 736041850 736742056 741753133 737635524 730087123 737276355 732087538 755357860 732334481 734478732 734707124 756179597 740017012 739736360 730600479 739748287 730670972 743283993 737470877 739500597 752060547 738642930 748643997 740852003 732085484 739445100 739575906 738671570 741671989 745023071 731141577 742680791 741763858 750384056 749079924 747056962 730041042 733510235 756983483 739524716 740262116 734232194 748242100 735392959 746381978 735721823 756933038 748580221 734608254 751809212 745341419 730351791 750766012 733160281 737667982 751304862 751589646 742706531 754902490 736906112
970567 954892 963129 986203 945133 905500 980120 928675 993902 965773 959187 910000 976948 939259 924580 918758 986519 956851 913344 989823 990379 902254 905387 928738 926427 909785 954535 991225 969381 980934 982553 996117 945480 974407 992438 982991 996862 920091 977028 937370 908695 900310 951575 943369 900406 951574 918588 998604 941962 910819 974348 984532 904469 966833 993077 914768 929975 932868 928601 935239 971652 900893 967479 966551 999167 987269 933643 973714 944989 954703 938599 905903 955703 960084 902098 994295 914073 964238 938556 902193 960736 919556 918638 998640 927401 964361 928659 975276 922497 929604 960684 907538 973210 910680 901671 922624 980085 968788 907883 975000 974808 956241 976551 932625 911120 932951 908364 979845 985045 947410 921079 934495 975720 910387 967008 945212 979301 939741 978226 919092 930039 900307 983253 934636 903540 961610 983498 906279 979529 906904 928974 968587 917319 956884 915585 984865 916507 961027 917598 929129 907928 979181 981750 947572 976166 909836 995493 964335 919456 998925 975869 997797 941197 981405 921435 926023 916789 916964 969112 911507 908691 986834 973958 967530 910616 911232 909162 956282 934193 976494 938748 951080 964567 928532 976579 922140 954873 979041 993698 977164 931707 915831 960289 987789 903317 916439 922462 905237 944792 997421 924932 924250 933229 966867 939163 963831 978084 985719 986844 910541 987812 961912 962627 910958 966342 945651 901232 904597 928222 904958 920033 917900 912836 961196 991080 988229 968038 987226 956477 967571 914590 902257 995060 944670 921736 914885 987655 983211 974252 907229 988582 979779 967181 919105 952791 915545 957755 906557 919322 963041 997071 941371 917778 952031 908953 990774 951695 971281 931149 930714 968272 971265 988420 977265 955441 987081 997065 918440 999352 961176 936661 984591 994171 969413 907516 925578 984742 981293 951504 999003 921501 985768 998612 936151 932042 949826 938991 921324 993297 993918 979364 948354 910525 996244 902214 911834 990232 979199 954827 948507 981583 969474 948227 931158 957953 948043 982020 921878 990588 976578 992198 908310 908959 956456 955974 979762 933047 939007 945562 999260 918650 952778 920037 907535 921825 944248 974213 969534 989406 984599 929794 981059 993556 968746 944881 941007 930422 923235 936729 989917 911408 908326 917170 970857 917001 932961 980999 942970 941427 906808 978328 914445 910060 950239 977879 996725 912927 977079 975327 984282 986716 982577 988084 929007 920658 968080 921284 927235 912313 939200 936989 925101 944288 967623 924515 948843 970493 942448 956541 999948 915967 929914 903337 997950 919257 941574 936624 937920 993044 947916 905708 989082 917175 984899 900371 975028 933212 978957 949600 989578 929146 919769 919283 969212 929979 904047 954204 924515 984650 985411 936484 990721 916325 962636 920489 937248 997460 946725 976701 902793 907714 976745 932758 973629 968726 977326 928488 942963 943415 992596 918549 902586 940799 962158 906028 990785 960140 990690 970560 964800 940450 902758 988911 936782 959244 919473 963984 954210 946811 923425 977622 975029 956468 971719 999676 973050 992268 906082 991353 983411 982566 903037 962898 963938 997776 963895 997513 950800 972330 964812 918293 967987 930948 959806 992275 965018 964532 967882 956769 944358 995770 953033 956430 924502 929332 936826 999846 986997 900060 964722 961992 984323 932436 980026 939326 978806 900247 931183 982932 919223 943178 998696 923088 988294 971598 921091 920038 952937 907768 974420
234 270 464 121 107 223 330 241 73 21 391 216 67 37 446 130 52 488 13 354 61 373 472 417 329 82 262 203 279 427 367 237 102 10 106 275 323 83 86 210 213 284 273 481 363 58 144 128 126 300 239 57 370 372 74 352 168 178 55 166 315 193 173 26 159 466 292 9 164 224 100 161 415 43 409 219 366 99 71 348 155 302 118 40 167 414 287 413 460 312 197 388 22 422 492 77 293 371 307 27 132 143 96 105 356 179 196 125 39 214 306 437 138 153 46 254 349 486 59 257 136 311 154 236 428 131 443 5 217 442 447 146 84 142 376 385 462 31 403 478 170 212 485 25 165 435 44 387 242 454 429 445 229 469 297 163 491 439 191 51 171 258 148 88 328 185 303 95 157 98 392 271 340 48 379 218 94 208 274 15 233 117 226 351 301 410 267 114 480 360 246 50 64 211 103 331 398 280 317 327 53 278 70 135 69 493 188 62 350 357 342 399 456 89 386 408 497 115 397 298 183 424 483 207 325 162 174 202 313 3 268 20 186 341 248 432 182 49 92 123 264 66 345 204 395 335 490 473 475 261 23 411 232 276 383 227 381 494 430 365 396 42 309 110 305 477 438 112 205 449 355 420 81 177 324 189 141 455 418 104 85 277 419 63 401 116 122 79 476 394 458 238 253 353 343 296 29 109 377 249 499 17 359 243 451 195 33 407 221 496 453 260 384 240 405 187 333 235 145 119 423 263 158 498 336 151 113 41 169 72 375 181 65 465 60 160 294 448 24 487 222 344 470 374 247 433 75 28 152 190 209 172 334 332 206 361 199 147 127 412 378 231 8 255 389 404 56 314 150 111 250 281 441 444 259 471 265 362 426 256 463 337 457 215 282 133 390 489 93 38 184 369 180 326 272 120 425 368 320 283 304 322 200 308 78 12 19 134 338 68 346 393 4 90 101 416 288 286 156 358 402 108 269 76 459 194 382 45 137 461 201 140 220 295 11 198 7 452 321 30 176 97 421 291 299 124 87 0 175 251 47 347 440 318 1 54 431 6 18 139 289 484 35 316 225 32 380 245 319 228 436 252 34 339 364 14 450 479 266 290 36 495 149 16 2 467 230 310 91 482 434 244 192 285 468 474 80 400 129 406
1000
6884 2919 3709 4141 3674 2901 8623 4836 3744 3684 6341 5537 2609 5737 7019 4247 6642 4822 4216 3160 7021 2822 4361 6862 7028 5918 6913 8041 3418 5623 6865 4982 9142 4605 2356 2580 5276 5039 6200 6074 4515 6511 6889 7816 7841 7736 6197 5016 6928 5202 6973 9020 8669 5689 5080 5592 5621 4967 6641 7500 2071 9289 3706 4725 6424 4784 3720 4451 3413 5946 7086 5724 7412 5783 3577 6622 2663 7542 3105 8439 7409 3673 7095 7426 6589 7370 5602 4376 3043 8308 9229 8097 6270 7446 5194 6971 3243 4319 7560 7734 8214 5180 6560 7986 9135 2427 4954 7223 7305 5416 4210 4777 8235 4477 8549 9124 6752 8310 4493 3732 3096 9015 6885 8988 3299 8192 2743 3323 2185 7095 3939 3819 4553 5654 3784 3472 6037 3119 3014 6955 7114 3015 7318 6166 7188 6700 7262 7614 8964 5606 2737 8751 7614 7915 6244 7197 7230 3470 7277 6199 8976 7269 7824 3643 5083 7207 4805 8226 5588 7452 7996 5504 4636 7193 5511 2365 4161 2692 6563 4802 4305 3076 6666 4467 5317 8098 7889 3717 9010 2110 7776 7920 6039 5627 5203 7759 8133 3137 4991 8247 6464 2881 2479 3763 3792 7430 2744 8490 6927 2929 7293 6981 8434 7169 4508 4423 3453 3429 5815 6419 4202 6915 2718 5111 3157 5406 3027 5031 7020 4146 5660 6860 7813 7408 7351 3707 4969 3845 3525 9129 7079 5792 4938 5142 7208 6691 6196 8498 2660 7175 2594 4090 5424 8335 5620 6191 3756 8095 3570 5210 7310 4308 2380 2567 8233 7781 6353 3003 8563 4804 8276 5645 6598 3661 3069 4944 3972 3003 3030 7670 8761 3482 5895 7082 4867 5717 6536 7630 7578 5631 5095 7740 4850 7764 3123 5107 5679 5698 8757 5313 8366 8638 6353 8553 9182 6323 5501 8851 7077 5119 7287 7780 4364 7281 4759 4852 8996 6432 5485 7535 5646 2890 8514 8939 6564 3505 5677 5583 8284 5861 2184 7841 4172 8767 4186 3002 4488 2817 5042 5734 3605 8494 3483 5140 5793 8371 7176 2383 3928 5986 6940 7805 7625 5550 5407 4454 5994 5610 3130 5833 8189 8477 4144 4305 8577 3058 5421 5205 8985 7201 3034 3181 5030 3433 5486 3458 8535 6428 9101 6376 6176 5051 5127 6984 4624 3732 2728 5680 5549 4475 4609 5531 2331 5883 8251 3639 5788 4939 3035 4872 6535 5381 3864 8478 3515 2972 5383 5126 3149 8756 6370 3694 3616 2958 6273 8429 6440 5930 3730 8428 3011 6310 7105 6011 7758 7768 8112 7124 8785 8414 5504 6736 2148 7008 4492 2948 5881 2355 4659 7711 8891 4413 9099 3575 3099 7243 9082 7856 5127 6405 7910 8424 3190 6236 4360 9067 3114 2608 8685 3017 7051 4644 8255 5419 4499 6766 5820 7213 3160 4909 6134 8835 8461 5862 8287 8656 7754 3914 3395 7026 4070 8388 4184 7034 5346 6817 3479 8249 3009 2762 7839 8239 4241 2787 3917 8217 6285 9091 4516 8013 3951 6098 3549 2488 7691 9190 2602 6668 3392 5153 3519 7217 7012 7067 2874 7909 9096 3858 6086 5948 5563 6239 6212 5292 5890 2215 7493 3480 5768 2313 4446 4241 8417 9251 8769 7605 4584 5539 6616 3129 5719 6489 4543 7087 4040 4575 3428 4555 3381 6575 5209 4844 2576 8607 3984 6277 3619 8330 2897 7650 2440 5821 7924 8430 8368 9081 5094 4161 8256 7489 3719 2521 5549 6843 2208 5831 8953 2074 4587 7626 7782 5711 7941 2525 6229 3037 8542 8084 6512 6276 2631 8203 7552 5521 6438 3466 5577 5220 5200 5466 5645 2839 8811 7983 5667 6526 9070 3746 9283 3142 7829 8433 5677 3039 9306 5154 8616 6317 5848 5379 5102 8517 2765 3485 6146 3956 4384 8425 4323 8403 7225 3239 3361 8116 5544 5083 6772 4517 4823 5582 2703 4159 4698 2901 7181 3443 7099 5968 4826 6359 5606 6416 4554 5164 8017 2936 6911 3851 4095 8125 5169 5098 7752 4830 9061 9049 2089 3539 4429 9044 5668 6611 4527 8807 6631 5573 8729 6915 4230 8446 8872 2845 2239 3051 3612 7088 5306 7198 2302 6302 6273 4050 7895 4866 7677 3474 4228 3691 2180 8536 7854 8356 6166 7196 7638 5713 7535 3888 4214 8452 5898 7098 2912 5065 3512 4501 3490 3812 3106 5801 4721 3146 6948 7131 7875 7758 6207 3827 3533 4389 9246 7204 3318 7142 2704 5204 5929 3037 4157 7145 2177 6871 7809 7648 3731 8628 8024 8583 5704 4302 5561 8238 4430 3564 6288 5750 2810 3995 4461 8843 7910 2681 7193 4282 4630 3565 5019 4234 4328 7591 4244 5472 8370 4980 3061 5333 2724 7453 4059 8323 4509 2088 4775 5584 7161 4327 7424 3613 6269 2763 3273 3277 8703 8789 4758 4988 7224 2810 5393 2199 7677 4462 6866 6543 8459 6933 6518 8526 5696 2575 5162 6415 7616 4450 6962 5188 8742 8062 7463 3996 4281 3139 6243 6926 5541 3966 8526 4290 5527 5687 4532 6347 3590 4595 5611 8193 3478 6079 2984 2603 3496 3926 7795 2825 2906 4108 8261 2516 5270 5974 6640 4547 7848 2235 5108 7127 7109 3591 2872 5148 8090 2674 9132 6934 7812 3693 7387 7539 8793 3622 3110 7944 3078 4280 7919 3722 7799 8624 6528 8317 4372 7788 6505 3524 4704 4818 4761 6364 7356 6906 2118 6523 8866 3697 5590 3087 6417 2764 6444 8421 7089 6449 7526 7167 5096 4262 7238 8522 5154 6320 7503 3203 9023 4617 4486 6263 2429 7051 2751 6308 4302 8380 2833 3825 7922 3816 5484 2254 7455 7692 6558 7754 7402 4120 4275 4173 2950 6488 2159 7904 7584 7621 5951 3002 7120 5788 6760 6794 9019 2942 6934 4268 7486 8778 8350 4167 2982 8618 3556 8168 7933 7545 4121 7667 5033 4187 7548 6931 3531 3765 5707 7022 4746 3377 2877 2807 3767 7753 8589 2579 5385 5699 4821 8842 5588 7623 9311 6654 4751 8102 7030 6026 7958 2965 4186 8491 9310 5287 4913 2748
4 10 9 8 9 9 1 6 8 8 5 6 10 6 3 7 4 6 7 10 3 10 8 4 4 5 3 2 9 5 3 6 1 7 10 10 6 6 4 5 8 4 4 3 2 3 4 6 4 6 4 1 1 6 6 6 6 7 4 3 10 1 8 7 4 7 8 7 9 5 4 5 3 5 8 4 10 3 10 1 3 8 4 3 4 3 6 8 9 1 1 2 5 3 6 3 9 7 3 2 2 6 4 2 1 10 7 3 3 6 7 7 2 8 1 1 4 1 7 8 9 1 4 1 9 2 10 9 10 3 8 9 7 5 8 9 5 10 9 3 3 10 3 4 4 4 3 2 1 6 10 1 3 2 4 3 4 8 3 5 1 3 3 8 7 3 7 1 6 3 2 5 7 4 6 10 8 10 5 6 8 10 4 7 6 2 2 8 1 10 3 3 5 6 7 2 2 10 7 1 5 10 10 8 9 3 10 2 3 9 3 3 2 4 8 7 8 8 6 4 7 4 10 7 10 6 10 6 3 8 5 3 2 3 3 9 7 8 9 1 4 5 6 6 3 4 5 1 10 4 10 8 6 1 6 4 8 2 9 7 3 7 10 10 2 2 5 9 2 6 2 5 4 9 9 7 8 10 9 3 1 8 6 3 7 5 5 3 3 6 7 3 7 2 9 7 5 5 1 6 1 1 4 2 1 4 5 1 3 7 3 3 7 3 7 6 1 5 5 3 6 10 2 1 5 9 5 5 2 6 10 3 7 1 7 10 7 10 6 6 8 2 8 7 6 2 4 10 8 5 4 2 2 5 6 7 5 6 9 6 2 2 7 7 1 10 6 7 1 3 9 9 7 9 6 9 2 4 1 5 5 7 7 3 7 9 10 5 6 8 7 6 10 5 1 9 5 7 10 6 5 6 8 1 8 10 6 7 9 1 4 9 8 9 4 2 4 5 8 1 10 4 3 5 3 3 2 4 1 2 6 4 10 3 8 9 5 10 7 3 1 7 1 8 10 3 1 3 6 5 2 1 9 5 7 1 9 10 1 10 3 7 1 6 8 4 5 3 9 6 5 1 2 5 1 1 3 8 9 4 8 2 7 4 6 4 8 2 10 10 2 1 8 10 8 2 5 1 8 2 8 5 8 10 3 1 10 4 9 7 9 4 3 3 9 2 1 8 5 5 5 4 5 6 5 10 3 9 6 10 8 7 1 1 1 2 7 6 4 10 6 5 7 3 8 7 8 7 9 4 6 6 10 1 8 5 8 2 10 3 10 6 2 2 1 1 6 7 2 3 8 10 5 4 10 5 1 10 7 3 3 5 2 10 5 10 2 2 4 4 10 2 3 5 4 9 5 6 6 6 6 9 1 2 5 4 1 8 1 10 2 1 6 10 1 6 1 4 5 6 6 2 10 8 5 8 8 1 7 2 4 9 9 2 5 6 4 8 7 5 10 7 7 10 4 8 4 5 6 4 5 5 7 7 2 9 4 8 8 2 6 7 3 6 1 1 10 8 8 1 6 4 7 1 4 6 1 3 7 1 1 10 10 10 9 3 6 4 10 4 5 8 2 7 3 8 8 8 10 2 2 1 5 4 2 5 2 8 8 1 5 3 9 7 8 7 8 9 10 5 7 9 3 3 3 2 4 8 8 7 1 4 9 3 10 7 5 9 7 4 10 4 3 2 9 1 2 2 5 8 6 1 8 9 5 6 9 8 8 1 3 10 3 7 7 8 7 7 8 2 7 6 1 6 9 6 10 3 8 2 7 10 7 6 3 8 3 9 5 9 9 9 1 1 7 7 4 10 6 10 2 7 3 5 2 3 5 2 5 10 7 4 3 8 3 7 1 2 3 8 8 10 5 3 5 8 1 7 6 6 7 5 9 7 5 2 9 5 10 10 8 8 3 9 9 8 2 10 6 5 4 7 3 10 7 3 3 8 10 7 2 10 1 4 2 8 3 2 1 9 9 3 9 8 2 9 2 1 4 1 8 3 4 8 7 7 7 5 3 4 10 5 1 8 5 9 5 9 5 2 3 4 3 3 6 8 4 2 7 4 3 9 1 7 8 5 10 4 10 4 7 2 10 9 2 8 6 10 3 3 4 2 3 8 8 8 10 4 10 2 2 2 5 9 3 6 4 4 1 9 3 8 3 1 2 8 9 2 8 2 3 3 7 3 7 8 2 4 9 8 6 4 7 9 10 9 9 3 2 10 6 6 7 1 5 2 1 4 7 2 3 5 2 9 8 2 1 6 7 9
347 222 123 354 157 853 635 962 713 768 221 328 504 146 844 873 570 974 901 0 842 308 154 366 218 606 939 543 388 866 983 832 161 558 731 532 569 780 964 462 13 690 342 120 718 195 967 801 306 636 266 271 593 190 742 279 254 226 571 408 988 26 748 443 764 389 735 697 392 581 165 779 489 724 860 589 453 369 52 798 492 778 156 476 617 530 269 140 728 913 81 488 284 458 644 883 552 812 355 816 381 656 646 592 168 671 239 665 590 437 907 396 363 48 701 177 467 911 659 723 685 276 346 299 498 401 380 475 881 776 541 24 603 841 682 340 496 39 755 898 758 133 577 997 71 517 628 923 322 265 385 518 304 657 925 688 32 960 614 348 310 621 115 806 119 679 370 989 282 452 583 976 528 67 352 722 335 427 17 993 205 78 550 683 531 487 681 738 280 953 159 27 494 248 9 795 455 22 203 969 108 257 623 699 49 473 379 130 926 833 600 874 183 88 20 716 975 998 75 769 915 319 402 94 3 446 121 788 843 349 836 987 745 493 549 125 224 625 292 173 172 715 867 691 678 526 351 744 456 83 519 399 430 887 255 973 703 490 253 2 585 822 709 545 365 774 209 765 65 991 325 847 610 170 704 247 509 144 740 256 508 950 1 789 315 786 42 291 338 244 109 191 330 791 661 98 819 803 512 535 859 620 829 74 122 852 979 424 794 87 605 155 771 611 413 948 293 136 994 376 231 249 110 344 16 309 821 902 318 33 882 100 944 502 930 145 664 313 777 149 839 126 949 68 96 242 82 706 551 546 296 752 912 934 445 694 538 262 655 59 403 142 968 825 677 95 433 7 301 684 737 607 169 374 373 353 90 760 197 188 368 148 79 872 540 104 393 818 317 50 554 333 754 639 965 189 719 252 116 928 43 470 608 762 918 174 468 80 637 513 813 138 830 807 896 187 750 596 725 808 137 863 767 522 176 167 474 128 484 200 358 481 917 851 34 814 641 732 506 219 387 726 199 862 57 647 216 86 702 162 662 811 599 314 775 230 668 505 578 131 815 521 963 434 28 454 696 673 626 892 406 438 158 658 933 604 179 565 409 220 418 225 932 212 503 407 952 350 139 364 720 977 263 341 562 378 270 207 12 568 529 439 885 615 238 117 511 548 412 55 297 44 848 802 877 663 202 613 450 579 922 929 336 555 632 855 415 332 118 770 76 878 817 61 500 931 575 326 594 29 164 85 612 784 444 584 999 601 422 631 629 955 536 650 497 278 827 277 243 273 660 70 649 186 858 217 729 954 343 419 736 586 935 383 861 686 331 986 573 294 153 792 633 582 321 114 84 501 689 893 482 390 362 961 751 345 908 618 638 391 232 910 461 595 831 676 227 711 31 18 730 804 201 112 10 680 642 857 670 472 721 107 361 947 395 525 132 810 809 211 37 556 440 471 940 739 448 11 356 903 417 956 469 240 77 985 152 563 970 823 880 151 602 45 566 826 323 619 394 463 666 106 181 966 236 246 971 894 92 251 210 598 627 465 580 295 539 937 888 793 404 289 837 102 214 783 542 62 781 870 281 435 675 316 250 957 275 761 886 89 707 868 377 64 899 790 996 587 288 787 624 773 846 135 921 652 942 30 51 708 447 640 905 743 69 796 959 643 900 749 66 56 479 733 416 8 597 734 958 111 889 359 127 890 105 630 559 46 797 208 305 978 91 258 267 134 938 486 63 431 36 436 692 845 534 871 178 884 184 945 875 386 856 834 712 516 397 451 428 283 645 972 398 286 714 185 478 213 285 981 524 520 564 480 414 206 38 320 459 869 864 687 982 35 160 920 58 99 805 537 47 772 302 73 891 23 527 523 441 485 228 21 307 927 943 515 717 838 337 192 622 215 235 567 876 400 334 457 163 510 936 553 141 924 850 382 339 591 574 557 572 609 93 840 97 747 763 849 264 60 495 442 171 300 746 759 514 992 477 204 672 4 700 229 654 113 757 634 674 904 143 147 695 909 464 360 411 198 544 327 946 53 410 756 895 693 150 980 124 194 782 741 384 710 727 245 25 103 54 854 405 588 268 547 40 290 669 196 372 865 828 233 298 19 651 653 375 824 449 237 648 799 499 371 234 324 193 705 906 667 951 916 576 766 753 101 460 429 272 820 919 241 421 491 260 329 785 14 879 423 15 367 990 259 166 311 984 303 287 698 175 223 425 426 261 941 72 180 41 533 466 182 357 432 897 914 5 561 420 483 835 507 616 800 312 129 6 560 274 995
1000
9632232 8982893 8503152 7571429 8982847 9435296 8785852 7317110 8446186 8643822 8135461 8983563 7317430 8475210 8051544 8784911 7966068 9660703 7768820 7712898 7599861 7515030 9519287 9688917 9462768 9660620 7543561 9660598 8615539 8756893 7204758 7204385 8785006 8390289 8813185 7627783 8164190 8305917 7204428 8079609 9632243 7204674 9124358 9321868 8164444 9689333 7373569 7458921 8813335 7402362 8248816 9293543 8870096 7910274 7881542 7627669 8248956 7571676 8418013 8756968 7542896 7600050 8248419 8418799 8107999 8389881 9435175 8672091 7967104 7825882 7458662 8531635 8051849 9152603 7967120 7712694 9265235 7401740 8220908 9293061 8333774 7543555 8362151 9124625 9152319 9632659 9462926 7994855 8672494 9688599 8813453 7288564 8615671 8756815 8926215 8135992 7741270 9604185 7373959 9547189 7232129 8756773 9434371 8249322 8841849 8785554 7543492 7175857 8390585 8531640 8700814 9321884 7204543 9096288 8870285 8785412 8418405 8276887 9010912 9208761 8503476 8418733 9123656 7176432 9264914 8446921 9463295 7542735 8616082 8135778 8982792 7655955 8107697 7571390 7204820 9123886 8616393 8051184 8616323 7627296 8814073 9095611 7345353 9491161 7797137 9575793 7458250 8361358 8530899 9660335 8982686 8954921 8051823 8926071 7232313 7487145 9604192 9350261 7204505 9378310 7655638 8164289 8023500 8531532 8898420 8616268 8813740 8361824 8220696 8023619 7204340 8362253 7882055 7824964 8756941 9661171 7910493 8559461 9548228 7881926 8334033 8164494 7429665 8671963 7796762 8757144 8869644 7486601 7825806 7458130 9180213 8276992 8418514 8729415 7261101 9237269 8728703 8164354 8475096 7317322 8644165 7373434 8728440 7995220 7232780 8870625 8841853 9378054 8304908 8249462 7684262 9067936 8869686 8220620 9632696 8756670 8446343 8390148 9237089 7797432 8164429 8164495 9321594 7261049 9689275 8672439 9631898 7457927 8417972 7514607 9152105 9406998 7514351 9039166 8446850 8728442 7542866 7684338 8305558 8559270 8869945 8164092 7966846 8813878 7401994 8756993 7203868 8051638 8192385 9603840 8305143 8643778 9011549 7289434 9265199 7853256 9491418 9180494 8841886 9096240 7825274 7373244 9321293 8107507 7345427 8333182 9208571 8390077 9660947 7288618 7797344 9152834 8870460 8164763 7373621 7910258 9321322 7486750 7373992 7853397 7345361 9152551 8418300 7204522 9236829 7825068 9151938 8700511 8277514 7994404 9406117 7628262 9603814 8842305 9321833 7910130 7796812 9038962 7232476 9011409 7966713 7289328 7599970 7656474 9208615 8389728 9717623 9236778 9632715 7373867 7937948 8559015 9180229 7571626 9575720 8192707 7854160 9067910 9378716 7345233 8842250 9264836 9603883 8164580 8080049 9011637 8050761 8249256 8926021 9321946 8813352 9688652 7345347 8700928 8587302 8051369 8644296 8870173 9406103 7402165 9152627 9095921 8276726 9576358 7430610 7909861 7260983 9350049 8616154 7656309 8757383 8305758 9236608 7769408 8136220 8051230 9519578 9096241 8982559 9491782 7909659 7401771 7232503 9604702 7232934 9434620 9264867 7232753 7373632 9265513 8700544 8982898 8672335 8982488 9039999 9661126 9152367 8643713 7797132 9180941 8559859 9181122 8785129 8446731 8926833 7966758 9491716 8982709 7571286 8108193 7684319 8305216 8701103 8305180 8305479 7769056 9406243 7430249 8559679 9265677 7232848 8474519 9011759 8474724 9322099 8954592 8869652 8305191 7571619 9208594 9293096 8249318 7175882 8898833 7627553 7430097 8588251 7430013 9067596 9237152 7317661 8333289 7768467 7796906 7401509 7655765 8503200 8700513 7317245 8136050 8813537 7288578 8446156 9688897 9547334 7741133 9519044 8841640 8079218 7458092 7458726 8926927 7712513 8503051 8587816 8079112 8164493 9096462 8474902 9434701 9435072 9632028 7175828 8248604 7401838 9660843 8588254 8220509 8418022 7176244 9434465 9265785 7627333 9039468 8221197 8644640 7909870 8220966 8079367 8136133 8503305 8051695 7486890 7740639 9349969 8107770 9434435 9434774 9039677 9152332 9208520 8502582 9349952 9519989 8672197 8248400 9152761 9434908 7232046 7344985 8107246 7967034 8051784 7260393 7797246 7656494 9350414 9265491 8954492 9406641 8785599 7655683 9490981 9294033 9632901 8700317 9209432 8164707 8813126 8587508 9547341 7571024 7825467 9095729 8757261 8107854 8362301 7882245 9491741 8418358 8926128 8023098 7628110 8023108 8728407 8390158 8644399 9717177 9095931 9039045 8502983 8221007 8756610 9067357 8728461 8276875 7627827 8361343 7571707 9604569 7825364 7628205 8841895 8757517 8305795 9378121 8757329 8305817 8757115 8615947 7853809 7458017 8277216 9321751 8813516 9575611 8813676 7458622 9181119 9463317 8417873 7260546 8926214 7627380 9490966 9349667 8785052 7176502 9180535 8333158 9349829 8390095 9068008 7769390 8446077 9660293 7345763 7797681 8869935 7656505 9265660 7486625 7712031 8954390 7627825 9631951 8446779 8389898 8870229 7458866 8248755 7599242 8107529 9265732 9547410 9406511 8276860 7514826 8559312 9350210 7995180 7316705 8728871 9688437 8107314 9434850 9688362 7374016 7458182 7994701 9237263 7260648 9067434 7289406 7317676 8417923 8701171 8982776 8475186 9462601 7571317 8729015 9011721 8276944 8107672 8192403 9717427 9716689 9491752 7289321 7458294 8785625 7176520 7458311 7994441 9463026 8418431 7515104 9660550 8333628 8728972 7176474 8022641 7712166 8926166 9689035 9265244 8983218 9039652 8587612 8672263 8531488 8164127 7260236 8615614 8530794 7909649 7740966 7232266 7373522 9604153 9660395 9208786 9632234 7542817 7712818 7317663 7599973 7430279 8588256 8814168 7938854 7882283 8898304 9011255 7204378 8164359 7627504 8559871 7966959 8898611 7853985 7769436 9717338 9124168 8502927 7599554 9010945 7176442 8361604 9632728 8474308 9209020 8954712 8728409 8643820 9096470 8898820 7374089 9547894 9547331 9632572 8220781 8983216 7345981 7570911 7458507 9547529 9236679 7317162 8220603 8785198 7910026 7260389 7401636 9603649 7429666 7345821 7486097 7458787 9491254 8418433 8051553 7543402 8588104 8983231 8418454 7514825 7740518 7542742 8531047 8447068 8729159 9096277 9519249 7797421 8276888 7881475 8304950 8587991 9462678 8616494 9519903 8220648 8474461 9152221 8390379 7571824 7881563 9660755 8277360 8729146 9236755 7260643 8615897 7176565 8333321 7599567 8700624 8417892 7345142 9011215 7261058 8672507 7514329 8954937 7487036 9490710 7542598 7515082 7655610 7797200 8700796 9406721 7486653 8587997 8729357 7374006 9265813 7825152 7655682 9068057 7260305 8757345 8333908 9208998 7345227 7345098 9265035 7853827 9519870 7514656 9011612 9349965 7853602 7796877 7882183 8503265 7288862 9237308 9039499 8559950 9067843 7854214 9434590 9490756 7684098 8559676 7232133 9689092 9548231 8390290 9490705 8983501 7599282 8418260 8756925 8531292 8051513 9039077 7175774 8192726 7317488 7712711 8926856 7317068 7994555 9660439 7769276 8785465 8050957 9575922 8785231 7656361 7401841 9716574 9124465 7458522 9462742 8955325 7204352 7458443 7627406 8757430 9350288 7627397 8870632 8079705 8841720 8898201 8192264 9548009 9237592 7515264 7204214 8474452 7683994 7515150 8672894 9547495 9293679 8813631 8277513 7825757 8023159 9434815 7768930 7994341 9660776 8559951 7712649 7853513 8249413 9377861 8587773 9321762 8700648 8842101 7571658 8616021 8588247 8050952 8616345 7345292 9632924 8361994 9547966 7740567 7486168 9039784 7599251 7260347 9462928 7289346 9378422 8418080 7740481 8616475 8644425 9096503 7345762 9095954 9689203 8333136 9689098 8333278 9548057 7486714 9208428 8502569 7457997 9152174 7684121 7373640 8418533 9039880 7571673 8221135 8079553 7373787 7571691 7995122 8305658 9123677 8362141 8051454 8051378 8644513 7316844 8926244 7374231 8220678 7401997 7486820 7994807 8898005 8221032 8362240 8334059 9321428 7570779 9011346 9039082 7260508 8136493 8785446 9294039 9434294 8813586 8785918 9293812 9463064 8164094 9632471 8587308 9660712 7232391 7853157 8643784 8079057 9096370 9152527 7994868 8390125 9209390 7712543 9039412 8813757 8672045 9181052 7204059 8898109 8813415 7881369 8813841 7317064 8135892 9490959 9039665 8192565 8530818 7741123 9717312 7628239 7853299 9463088 8728982 9209254 8587859 7599038 7909823 8756956 8531110 8672318 8559089 8983485 8079083 9547839 8728667 7288437
13 36 53 86 36 20 43 95 55 48 66 36 95 54 69 43 72 12 79 81 85 88 17 11 19 12 87 12 49 44 99 99 43 57 42 84 65 60 99 68 13 99 31 24 65 11 93 90 42 92 62 25 40 74 75 84 62 86 56 44 87 85 62 56 67 57 20 47 72 77 90 52 69 30 72 81 26 92 63 25 59 87 58 31 30 13 19 71 47 11 42 96 49 44 38 66 80 14 93 16 98 44 20 62 41 43 87 100 57 52 46 24 99 32 40 43 56 61 35 28 53 56 31 100 26 55 19 87 49 66 36 83 67 86 99 31 49 69 49 84 42 32 94 18 78 15 90 58 52 12 36 37 69 38 98 89 14 23 99 22 83 65 70 52 39 49 42 58 63 70 99 58 75 77 44 12 74 51 16 75 59 65 91 47 78 44 40 89 77 90 29 61 56 45 97 27 45 65 54 95 48 93 45 71 98 40 41 22 60 62 82 33 40 63 13 44 55 57 27 78 65 65 24 97 11 47 13 90 56 88 30 21 88 34 55 45 87 82 60 51 40 65 72 42 92 44 99 69 64 14 60 48 35 96 26 76 18 29 41 32 77 93 24 67 94 59 28 57 12 96 78 30 40 65 93 74 24 89 93 76 94 30 56 99 27 77 30 46 61 71 21 84 14 41 24 74 78 34 98 35 72 96 85 83 28 57 10 27 13 93 73 51 29 86 15 64 76 33 22 94 41 26 14 65 68 35 69 62 38 24 42 11 94 46 50 69 48 40 21 92 30 32 61 15 91 74 97 23 49 83 44 60 27 79 66 69 17 32 36 18 74 92 98 14 98 20 26 98 93 26 46 36 47 36 34 12 30 48 78 29 51 29 43 55 38 72 18 36 86 67 82 60 46 60 60 79 21 91 51 26 98 54 35 54 24 37 40 60 86 28 25 62 100 39 84 91 50 91 33 27 95 59 79 78 92 83 53 46 95 66 42 96 55 11 16 80 17 41 68 90 90 38 81 53 50 68 65 32 54 20 20 13 100 62 92 12 50 63 56 100 20 26 84 34 63 48 74 63 68 66 53 69 89 80 23 67 20 20 34 30 28 53 23 17 47 62 30 20 98 94 67 72 69 97 78 83 23 26 37 21 43 83 18 25 13 46 28 65 42 50 16 86 77 32 44 67 58 75 18 56 38 70 84 70 45 57 48 10 32 34 53 63 44 33 45 61 84 58 86 14 77 84 41 44 60 22 44 60 44 49 76 90 61 24 42 15 42 90 29 19 56 97 38 84 18 23 43 100 29 59 23 57 33 79 55 12 94 78 40 83 26 89 81 37 84 13 55 57 40 90 62 85 67 26 16 21 61 88 51 23 71 95 45 11 67 20 11 93 90 71 27 97 33 96 95 56 46 36 54 19 86 45 35 61 67 64 10 10 18 96 90 43 100 90 71 19 56 88 12 59 45 100 70 81 38 11 26 36 34 50 47 52 65 97 49 52 74 80 98 93 14 12 28 13 87 81 95 85 91 50 42 73 75 39 35 99 65 84 51 72 39 76 79 10 31 53 85 35 100 58 13 54 28 37 45 48 32 39 93 16 16 13 63 36 94 86 90 16 27 95 63 43 74 97 92 14 91 94 89 90 18 56 69 87 50 36 56 88 80 87 52 55 45 32 17 78 61 75 60 50 19 49 17 63 54 30 57 86 75 12 61 45 27 97 49 100 59 85 46 56 94 35 97 47 88 37 89 18 87 88 83 78 46 21 89 50 45 93 26 77 83 33 97 44 59 28 94 94 26 76 17 88 35 23 76 78 75 53 96 27 34 51 33 76 20 18 82 51 98 11 16 57 18 36 85 56 44 52 69 34 100 64 95 81 38 95 71 12 79 43 69 15 43 83 92 10 31 90 19 37 99 90 84 44 23 84 40 68 41 39 64 16 27 88 99 54 82 88 47 16 25 42 61 77 70 20 79 71 12 51 81 76 62 22 50 24 46 41 86 49 50 69 49 94 13 58 16 80 89 34 85 97 19 96 22 56 80 49 48 32 94 32 11 59 11 59 16 89 28 53 90 30 82 93 56 34 86 63 68 93 86 71 60 31 58 69 69 48 95 38 93 63 92 89 71 39 63 58 59 24 86 35 34 97 66 43 25 20 42 43 25 19 65 13 50 12 98 76 48 68 32 30 71 57 28 81 34 42 47 29 99 39 42 75 42 95 66 18 34 64 52 80 10 84 76 19 45 28 50 85 74 44 52 47 51 36 68 16 45 96
667 629 407 408 669 19 75 609 858 860 997 9 310 140 284 934 986 449 639 134 227 345 674 467 718 529 71 550 904 740 66 410 848 341 897 518 555 36 369 439 656 146 353 474 316 82 616 14 762 99 623 560 501 372 825 622 493 180 802 675 681 53 975 86 296 713 131 828 41 89 253 177 3 344 26 321 627 672 319 991 381 76 252 108 610 273 581 488 466 755 660 883 784 808 810 521 8 496 254 971 854 847 863 156 514 350 136 679 67 172 383 459 265 204 324 483 451 764 815 633 109 149 992 154 911 189 236 824 413 710 716 576 578 446 10 781 127 617 191 953 88 818 601 580 564 642 635 973 849 779 809 382 25 943 688 23 489 326 301 499 855 460 107 274 415 242 393 557 519 0 454 159 359 927 696 16 171 558 22 481 147 270 947 945 896 517 905 530 160 739 910 673 348 48 181 375 700 397 244 409 556 734 937 152 263 11 510 728 956 24 507 312 867 591 239 940 719 472 549 290 330 269 721 231 137 520 964 922 841 731 795 77 961 798 255 935 708 434 365 726 640 643 280 268 438 652 877 196 592 803 746 900 238 91 658 872 338 661 478 248 651 903 993 744 533 921 797 541 223 835 367 132 162 21 570 387 966 385 224 748 596 390 552 286 776 831 948 666 192 892 880 72 827 90 508 511 852 984 548 364 400 188 126 93 760 850 31 821 221 339 881 955 895 228 702 291 49 336 122 703 142 982 766 190 32 157 995 214 989 399 749 706 606 282 907 445 432 428 893 281 322 547 909 118 85 751 293 526 347 245 294 182 976 95 307 577 405 247 926 4 932 645 522 17 120 644 954 289 559 366 637 625 615 990 38 59 566 959 569 249 187 81 738 362 251 358 62 788 546 115 453 680 119 712 441 419 768 418 352 217 200 770 44 593 260 684 898 701 234 777 958 158 659 34 722 562 42 638 628 487 98 822 952 767 874 742 361 664 482 465 588 871 885 486 839 133 889 699 791 772 194 163 490 504 444 887 271 43 423 572 226 846 704 807 587 318 39 683 794 325 778 117 920 532 54 114 743 266 662 384 267 145 259 594 599 509 804 503 335 598 845 925 614 27 735 994 199 374 930 928 978 105 61 826 461 74 184 386 773 406 309 812 737 104 50 836 12 73 951 723 832 775 473 715 404 429 113 185 40 495 891 480 212 470 967 463 337 443 537 908 568 229 996 838 918 774 475 987 155 141 571 125 469 167 151 671 343 129 545 543 370 840 468 586 605 799 456 292 84 215 931 689 811 875 750 864 805 87 626 942 720 524 246 111 957 816 219 60 648 63 233 506 924 865 477 916 320 697 373 64 676 789 724 165 771 531 787 538 687 371 186 969 554 899 917 430 968 202 691 631 380 603 769 116 83 884 58 730 161 866 516 416 78 714 600 574 211 882 30 195 597 287 70 582 859 485 426 278 595 523 458 112 890 800 856 356 619 327 357 634 677 314 612 970 837 944 941 288 732 657 528 727 611 665 753 207 96 123 388 37 2 57 153 527 512 417 392 765 175 173 240 209 68 295 534 618 513 786 144 752 208 960 389 583 965 862 35 47 135 331 842 351 437 329 18 876 394 668 912 561 604 678 607 830 761 977 946 164 979 139 491 424 275 218 176 315 403 539 695 817 717 55 285 213 705 299 763 886 919 283 796 33 106 563 820 692 258 45 806 398 334 297 844 608 590 29 793 500 565 913 783 551 222 455 981 368 124 980 949 298 879 505 401 333 479 277 101 210 92 758 813 201 906 328 261 411 709 823 801 354 138 685 178 602 567 792 243 304 621 342 502 103 396 1 670 939 655 355 851 305 20 340 985 65 756 589 711 497 311 878 754 272 257 306 230 646 759 686 216 433 814 525 650 197 584 988 256 379 741 13 442 457 853 250 302 861 6 349 632 620 693 225 79 130 573 829 747 235 97 694 431 498 193 205 422 464 540 950 377 102 360 647 69 901 484 575 544 279 198 471 46 819 169 653 28 395 264 654 915 237 780 868 579 170 391 745 729 52 313 7 220 515 203 962 300 833 179 421 929 936 857 736 636 553 332 150 183 110 492 412 166 241 276 972 262 363 436 232 843 785 5 536 435 323 535 790 206 168 121 869 998 425 873 725 56 452 100 933 542 15 308 450 641 447 902 440 624 963 894 938 128 414 476 494 51 462 585 376 870 148 707 698 690 983 303 649 613 757 346 420 923 143 317 94 834 427 448 174 402 974 782 682 663 630 888 80 914 378 733 999
1000
841887591 837026950 847292989 843372626 843954759 843674764 847645594 848435307 838889252 833605662 838438319 842042217 846606525 841435322 841280521 833151324 832330058 833474911 843491040 847370500 839526891 839247019 846515760 847577941 835002547 847453237 848470433 848486444 847433880 846277887 841702594 838774249 837096535 847963446 834612707 840750043 844136639 835430847 834100603 833704226 836175730 833285009 843396853 846917299 834297494 845876867 833390994 848228789 834790009 839232621 848270903 844253319 833251982 842409550 838110976 841030178 843840077 838068513 839398632 841836792 840440413 840732247 840831458 847907878 840801713 844902611 842885167 834662563 848651253 844704024 840450131 839502790 836980909 847662481 834054913 842049335 846116728 843050137 833904279 848357144 835826607 838924026 842360608 845174339 842009931 847971669 841794199 837395090 840338348 845481352 846499180 844703366 846318689 837568571 845632332 845055771 845881692 838070763 834645322 845968385 842938405 842395019 836518988 837448549 836374235 833178135 832562495 832370410 844491648 838638047 841559667 838112549 835458508 844715888 845834909 845894981 838852960 845238783 838965491 835124226 834409924 836144711 842169315 846021468 847007586 848075215 848525124 835475531 843839711 842378300 833412885 843231498 833476507 833299711 841784431 834242774 844178255 836906095 842589539 842365477 848555710 843089542 842246705 837668225 843878184 847443039 848339520 848746711 837771826 846815371 847384737 837272127 832027316 833701176 844868620 834063842 835372135 837030184 843313964 832646084 847032331 847391311 839432951 840638162 840301889 833461988 846843529 833190773 844344051 847360544 839132522 838170086 839346505 840473745 845181461 838039855 835925748 844776473 835679496 844761077 842625781 832604769 833612078 842826153 843783092 846385884 842929849 845295114 848473885 839682983 843679425 835334274 847858117 844201570 835198338 847470018 836117654 840392635 842620049 836648812 840120251 844072441 834659369 838106384 832897990 835734464 844679791 837762388 833056388 847216220 833840697 834008541 833210617 835839696 843676329 832347077 844136457 844888515 843228188 837793932 848085453 840848991 841019236 833461925 846441629 837296333 833830396 835513839 840166561 842631347 835959282 848276492 835929897 838168415 842022049 838352673 847499438 833579971 843629185 845447387 846289708 848051895 842018144 848713109 846968549 837979702 848175930 843271435 840491074 835408074 841411586 838284124 834715981 836449449 848629724 846086925 841540489 844444211 834488452 834409535 847934991 832126670 845877706 848039128 835601685 840125574 842833764 838079276 838200131 843498190 837086656 832771612 833274174 833022216 842549138 834798154 835603784 837142316 848226675 834075835 840382044 843354744 834858041 834631255 845214145 842130245 832213541 833769137 841138508 838758387 843159602 836373696 846439075 835575305 834774907 834738310 847007637 844785250 834662784 835967839 836334975 844111129 834687908 848370691 832885178 836415126 842561492 837980925 838542455 838404448 839070122 838869611 837808081 840985627 836160093 832461501 838323824 837810399 833695415 833845265 832676538 841140679 843554603 835076864 833968719 834676229 842363773 838863470 840472980 847909726 847780541 841661239 838214323 845973047 848565053 848294600 843342896 844274927 839526919 838816431 845257323 836006674 843867230 848712131 832309837 839039556 839379891 842537649 841460418 842999208 838252312 838390200 833662958 841145402 848087318 842644500 848778870 836549448 842360466 844135794 839239480 844919464 835035511 835012399 838632382 833217554 840794458 848471277 832471516 845081835 841363713 841316747 847976918 841843202 835236162 843163567 843589155 837239305 842656241 847897582 843406641 848699111 846107887 846890607 839167294 841754555 838099771 837354560 838971829 833950963 840250317 848663312 844077256 834271006 832324440 833147030 844152384 848385084 848100819 832568585 846475188 843777638 846836699 834929089 833964317 832265038 834783061 846214201 833882466 847934428 836903250 847635841 832106484 848786067 843590867 837037004 845135540 834615359 842409684 839852600 844417182 841452649 833386730 848378633 847667802 846069816 844926706 838891506 846349615 848253416 835269215 838610920 838405311 836242838 840205452 847198136 847258908 841701797 845542624 833158904 841442364 842624579 843404062 843701983 843079250 836699396 841001421 836769401 838932438 842189759 842131810 845589342 839743441 838527413 840993817 832032214 847377466 843265795 835894490 839666730 847189463 842498904 848225144 834499961 835876374 835722219 833464688 832665069 847103044 848363847 836311723 833951510 837019241 835915026 847572325 845096611 840378175 847432571 846090909 847540585 840522868 847490298 838802852 832315141 843460014 837910739 841088212 833392407 834096813 846507291 841414184 847197293 833761778 833678280 834527478 847372237 844437528 832942302 838038215 841523406 837483665 845358941 848335324 833480034 837536846 833211836 837988213 847837138 832641978 837376782 839821195 844014315 841614102 834432601 842426505 832004253 843406383 835827410 844916267 848611712 841815408 845114272 836618008 848276342 833512160 835809800 834380483 839556079 845327943 845903080 839613195 845728065 836633340 845578957 843955986 847558810 836773628 842622695 848181528 843917386 844166726 842375404 832709260 833291077 839293835 842880311 838419743 838541517 844349596 838061773 837271592 838272087 835836758 836706878 841790729 846175679 843381627 840950631 840982624 841460392 836617644 833469814 844529811 838382296 840584422 835542113 845224385 840726460 846670426 839953971 833054012 837112509 837505138 840385962 839223653 840727869 835630058 832912320 836018508 847057309 842037576 835854304 834863541 838904741 841068311 845898401 847906303 842322488 844221402 846399552 835785375 843726993 840376070 838014388 842922282 842693878 832897012 844407012 848257442 840325075 848064716 841886794 846612289 846785911 841536769 844088501 840920893 835984786 834459410 834766356 841654384 838099022 836830327 837123640 835090490 843462038 833623711 848765026 837838855 841012922 838657059 843119187 846206094 836661923 840313017 837847313 832040898 832610962 837072779 846236847 842346718 847539081 843765892 845255025 843219975 846941639 833568305 834225338 838913263 846679031 836800133 841106637 834417147 841296985 843416663 847192237 837739344 833222966 843044558 843324036 840829278 847279827 834853680 837456781 848732469 835889433 838393786 838010816 847796418 832078929 832062394 848647741 838022452 847289919 838974188 847253072 836317601 838963566 842029885 834805017 848217250 846917021 836819381 832069464 837037211 847495026 832997390 835818246 834674978 835436317 834336525 848101349 848061732 842291558 843032870 832250788 836290684 839990598 844531378 848710386 845786477 844716012 832849811 844139994 833366890 839201067 843205212 838065744 832350462 836329843 845105832 833337867 844748080 846071569 839501357 844815424 840036513 839636174 834350067 834585196 843009816 838322958 842260820 843780498 847669047 833342061 845007050 833281656 833856261 839218904 839047881 836959315 838778332 835993784 843067500 837999313 837504539 848144306 839262449 838338400 838383067 843131410 837842360 842716514 833183035 836704258 839527178 845397754 833220321 833798896 848183371 848674693 843604457 833612686 836909991 838149851 840780615 838285697 847969055 838692678 843275026 840389529 840670991 847719838 845278028 833969428 839870282 848047570 833457996 846366095 836526239 846902569 847494709 846301206 834719791 834194599 836133678 841521099 834030446 842113227 840250311 837200094 835845721 845401140 847881011 838544779 833274525 846376208 844626668 845719720 848155359 833690202 848302552 843362370 839754057 832979962 848089367 845850582 835978102 834388762 843520438 841525402 836945304 838495167 840071182 843982561 848134308 837742351 847695346 841896524 840693880 838648549 842272411 845476956 836753497 839668491 837548766 844921261 832675009 841491871 840793821 839508356 837726880 836240617 837118849 840962566 837644049 845051881 832877550 843976808 836093490 833616031 843359470 844931965 836574190 838278114 835128823 837011678 835253614 845085140 843384444 833139857 841591069 840141653 846047112 832351559 838328277 844585221 833517988 835764088 838535731 839381501 841209019 842673158 848793657 833924421 844319825 843584502 842867655 838799106 832870438 845287329 839970379 835426760 833111852 839359069 838046908 845562640 838143610 842087013 848300079 842060464 841128840 842201045 841846256 843573250 847660227 847726576 836286013 839492738 833334183 847010875 844038260 841117308 836563909 837960531 837145252 834158315 840699392 841567954 847353939 835877238 842804285 848133224 835741676 845311502 847317558 835098653 844075147 836815733 834800436 833140442 847868591 832407151 836163283 842001810 848606327 843076199 840947340 837399831 845404529 837192749 844854765 840064506 841173189 846458560 844089754 838193638 833637172 842186530 845101097 832734804 836060494 837894598 840966558 835364817 835479431 845065313 835685836 843604209 846535736 838876454 836076480 834683536 843808157 842598261 843294675 847932414 836770558 845263615 836209187 834373446 834960366 845647736 832139718 835565816 832573103 833823968 845677514 833653678 843687499 837111790 841956973 838083681 845432822 842616098 845324293 834481092 844033307 832606473 843920043 842298604 843653145 843897606 834048698 834074215 847855580 833419209 838216043 834082148 848687260 837509715 846086960 837524956 841484071 845605965 840611019 840751503 839603081 842549414 842775319 833482778 835139243 840943497 836090847 836968888 846556025 832231417 838672149 833351460 835286833 839606260 845532897 845180462 848397880 833328512 841904225 841919805 838808353 838276080 839241692 837795658 838468535 843364972 842280640 832390051 845143433 844139876 848539110 834603859
941142 970073 908968 932300 928835 930506 906869 902169 958986 990438 961675 940221 913051 943836 944757 993144 998032 991217 931596 908506 955193 956857 913596 907273 982125 908010 901960 901862 908130 915012 942241 959674 969663 904974 984446 947916 927755 979574 987495 989855 975143 992349 932159 911203 986318 917397 991717 903396 983389 956946 903148 927061 992543 938032 963624 946244 929523 963877 955955 941444 949758 948019 947429 905305 947604 923193 935207 984147 900882 924378 949701 955340 970350 906769 987765 940177 915967 934221 988664 902633 977221 958784 938326 921577 940411 904929 941696 967886 950365 919752 913692 924382 914766 966853 918853 922285 917369 963859 984250 916849 934888 938120 973097 967564 973960 992986 996650 997794 925639 960487 943094 963614 979411 924305 917644 917289 959203 921194 958536 981398 985653 975329 939465 916533 910665 904314 901630 979309 929525 938218 991588 933144 991205 992258 941754 986648 927505 970796 936964 938295 901448 933989 939002 966257 929294 908077 902737 900315 965639 911813 908421 968618 999836 989873 923399 987709 979925 970056 932650 996154 910520 908380 955755 948576 950581 991296 911643 992911 926523 908562 957541 963268 956266 949559 921538 964042 976631 923948 978095 924039 936746 996395 990401 935557 929862 914369 934939 920862 901941 954262 930477 980148 905601 927369 980962 907911 975484 950038 936785 972324 951662 928138 984169 963649 994651 977771 924519 965699 993706 909426 989042 988040 992791 977139 930495 997929 927755 923281 933162 965509 904250 947321 946309 991295 914034 968470 989101 979079 951387 936713 976427 903114 976603 963281 940340 962183 907740 990590 930774 919954 914937 904450 940367 900517 910898 964404 903710 932902 949455 979713 943975 962593 983829 973514 901009 916144 943211 925922 985185 985655 905148 999241 917393 904526 978559 951632 935507 963813 963091 931557 969722 995403 992410 993915 937201 983343 978544 969390 903408 987639 950103 932412 982986 984333 921339 939698 998723 989464 945599 959768 933569 973966 914053 978714 983479 983699 910668 923894 984147 976376 974193 927906 983998 902552 994729 973719 937131 964393 961051 961874 957913 959107 965424 946513 975237 997247 962354 965408 989903 989015 995972 945585 931221 981685 988276 984070 938308 959142 949565 905295 906063 942492 963009 916821 901393 903002 932478 926933 955195 959426 921086 976146 929361 900519 998153 958097 956072 937270 943685 934522 962781 961958 990099 945557 904238 936635 900125 972917 938327 927760 956904 923094 981926 982069 960515 992748 947650 901952 997191 922126 944258 944543 904898 941407 980737 933547 931013 968808 936565 905367 932102 900596 916023 911362 957334 941936 963688 968125 958499 988383 950887 900810 928107 986480 998064 993172 927662 902465 904157 996613 913833 929893 911684 982559 988304 998420 983429 915388 988792 905149 970809 906923 999365 900082 931005 970014 921806 984432 938033 953255 926086 943733 991740 902504 906738 916250 923055 958973 914582 903248 980536 960647 961868 974744 951155 909532 909170 942245 919384 993099 943793 936754 932118 930339 934048 972025 946414 971608 958729 939343 939686 919110 953903 961142 946464 999807 908461 932940 976818 954359 909583 937506 903416 985117 976924 977841 991277 996040 910096 902594 974330 988382 970123 976694 907306 922041 950127 908134 916120 907491 949268 907792 959502 998122 931781 964817 945901 991707 987516 913644 943960 909535 989508 990008 984952 908498 925965 994389 964052 943309 967358 920481 902760 991185 967037 992782 964351 905726 996175 967991 953441 928480 942767 985514 937933 999969 932101 977214 923111 901119 941573 921933 972511 903111 990998 977317 985830 955021 920662 917240 954678 918282 972419 919169 928830 907388 971584 936764 903676 929063 927576 938238 995778 992309 956584 935233 961783 961062 926484 963915 968621 962662 977161 971978 941721 915616 932250 946720 946527 943686 972514 991248 925415 962007 948899 978910 921277 948055 912675 952653 993722 969567 967227 950079 957000 948042 978391 994566 976076 910370 940248 977057 982950 958897 946021 917268 905315 938555 927253 914285 977462 930196 950137 964200 934982 936343 994656 926146 903225 950442 904373 941144 913016 911986 943233 928040 946896 976276 985358 983528 942532 963696 971246 969496 981603 931770 990332 900205 965244 946351 960374 933812 915438 972249 950512 965189 999754 996361 969803 915254 938412 907499 929963 921095 933213 911059 990662 986750 958848 912620 971424 945790 985612 944655 932039 909570 965832 992717 934256 932591 947443 909045 983008 967513 900401 976844 961940 964217 905971 999524 999625 900902 964146 908983 958483 909207 974296 958547 940298 983301 903468 911207 971310 999585 970012 907767 994060 977266 984072 979545 986089 904158 904391 938739 934328 998501 974459 952436 925405 900527 917935 924305 994938 927736 991858 957134 933300 963890 997909 974224 921985 992030 924118 916239 955343 923715 952160 954545 986007 984608 934464 962360 938923 929874 906730 992009 922576 992365 988946 957029 958048 970479 959652 976223 934120 964287 967231 903902 956765 962271 962001 933741 965219 936207 992953 971994 955190 920251 992734 989289 903668 900745 930922 990398 970768 963390 947730 962582 904941 960159 932883 950056 948384 906424 920964 988273 953148 904476 991315 914481 973056 911289 907765 914868 983810 986932 975391 943323 987914 939798 950887 969047 977108 920231 905464 961041 992410 914422 924836 918331 903836 989935 902960 932362 953840 994165 904226 917550 976315 985776 931421 943297 970559 961336 951955 928671 903962 965818 906569 941086 948245 960424 938854 919779 971699 954353 966970 923083 995980 943495 947654 955302 965905 974758 969530 946646 966399 922307 994774 928703 975628 990379 932384 923019 972769 962624 981372 970168 980633 922109 932230 993215 942907 951537 916385 997905 962330 925083 990960 977590 961094 956060 945178 936467 900035 988541 926667 931044 935307 959528 994814 920905 952554 979602 993380 956192 964001 919268 963430 939954 902974 940111 945659 939279 941389 931107 906784 906384 974487 955396 992058 910644 928338 945725 972832 964518 969373 987147 948214 943044 908606 976917 935683 903967 977725 920762 908821 981550 928122 971333 983327 993210 905540 997572 975216 940464 901150 934070 946736 967852 920206 969086 923479 951995 945394 913933 928035 963132 990254 939360 922012 995626 975827 964908 946625 979969 979288 922224 978057 930922 913474 959063 975729 984024 929712 936914 932764 905164 971601 921046 974939 985867 982376 918761 999167 978769 996588 989137 918583 990155 930430 969567 940726 963787 920039 936803 920685 985229 928369 996386 929041 938693 930631 929177 987803 987651 905616 991548 962995 987604 900668 967203 916145 967107 943543 919010 948739 947907 954739 937200 935860 991172 981308 946763 975647 970422 913356 998621 960279 991952 980431 954719 919446 921541 902392 992092 941043 940947 959474 962636 956892 965499 961493 932346 938804 997676 921765 927733 901550 984500
372 715 307 738 962 703 254 149 435 118 542 971 401 790 403 195 493 566 416 900 659 323 794 35 410 977 580 891 164 762 879 316 255 73 513 707 981 148 954 280 216 964 140 386 622 574 103 144 285 467 669 524 497 560 557 297 244 291 684 821 383 581 17 858 782 680 157 989 429 151 363 42 704 443 588 575 650 597 623 585 439 392 7 8 657 641 272 68 45 896 412 365 237 66 201 637 179 336 946 690 84 930 109 190 697 603 882 14 232 163 194 72 461 907 83 440 653 868 328 305 994 433 562 80 129 473 29 901 385 852 286 496 922 797 744 127 130 587 71 988 406 783 685 554 340 638 920 506 207 470 108 923 347 298 537 300 912 945 133 76 471 959 223 556 957 247 270 743 191 495 869 909 391 842 304 578 142 532 368 965 935 16 128 36 387 544 968 701 311 802 246 934 986 660 234 833 295 778 384 550 727 47 517 41 101 339 136 694 46 545 22 924 39 546 772 388 627 65 572 464 236 106 845 601 683 276 996 422 369 446 0 224 751 324 605 908 987 756 991 534 282 120 874 662 721 338 51 170 914 308 424 250 807 271 948 494 722 330 635 257 799 472 166 538 318 613 203 364 518 595 863 252 867 787 583 940 888 421 846 795 177 63 856 958 825 468 916 734 4 648 535 508 811 938 107 126 465 871 589 671 547 97 808 348 568 477 420 281 904 803 327 729 873 345 259 531 836 442 215 95 781 936 193 30 952 973 606 158 427 943 329 213 521 231 162 478 174 611 631 218 692 832 614 325 18 503 451 608 963 217 77 487 146 864 168 186 2 812 413 447 233 555 621 953 983 720 950 209 312 214 198 682 350 911 593 74 629 409 978 355 37 820 609 89 630 848 520 693 314 649 830 712 196 579 263 256 431 607 356 752 689 972 875 870 381 599 222 220 274 861 849 415 116 549 483 586 251 114 742 6 481 640 725 448 310 673 784 646 819 656 115 261 851 335 655 139 212 123 913 49 360 62 839 672 344 898 331 320 565 267 32 12 800 850 3 529 396 105 362 485 171 100 102 26 351 484 847 175 343 38 507 941 138 746 498 947 857 618 956 293 315 893 279 552 64 187 676 91 135 753 376 838 23 273 466 859 426 610 491 434 643 548 113 883 791 240 699 776 551 702 822 719 67 185 933 705 853 374 1 69 917 890 639 112 970 404 132 56 944 654 634 937 400 569 405 337 860 644 567 979 235 739 155 878 455 564 651 111 309 90 775 590 167 180 357 710 516 536 462 816 366 717 452 675 192 624 373 687 79 264 313 27 21 818 458 780 774 665 492 188 258 577 939 399 219 454 98 414 43 724 417 733 980 709 700 221 199 122 824 121 876 475 341 317 423 757 302 238 541 902 817 897 354 786 843 334 969 770 636 805 253 998 242 741 732 652 480 730 510 558 949 501 31 55 86 226 24 78 759 765 626 131 326 749 777 708 182 929 13 880 750 241 176 523 275 737 260 40 441 903 70 823 153 931 571 855 359 154 208 397 303 872 925 486 992 905 321 885 779 990 367 402 54 52 370 748 960 393 229 828 287 553 378 53 15 5 714 181 432 137 268 831 60 809 500 288 767 206 600 735 612 961 463 997 444 119 143 152 576 161 592 771 390 173 951 189 269 886 681 332 125 389 854 438 352 436 928 124 667 625 178 633 99 736 760 740 829 145 695 679 346 58 377 835 678 620 895 731 815 766 428 884 910 616 301 450 211 840 283 764 530 976 666 519 834 490 469 573 160 407 419 955 844 543 696 358 745 230 921 525 514 926 674 594 798 540 411 632 134 602 512 361 919 533 306 87 993 249 773 645 591 758 763 647 147 813 801 598 877 278 768 563 418 453 141 755 371 292 663 488 474 204 686 210 48 10 889 457 11 489 445 425 456 810 44 792 814 20 747 169 437 85 918 289 718 827 596 243 526 559 460 619 57 202 50 561 159 296 887 96 228 299 761 504 894 837 172 726 628 539 479 509 826 527 395 476 104 906 984 711 9 34 713 642 688 502 728 75 691 382 966 92 25 841 459 398 150 785 804 394 319 227 81 239 982 698 322 769 515 511 266 866 584 117 995 985 677 33 156 974 670 617 205 661 796 353 183 789 806 200 19 277 668 716 197 915 505 225 265 375 881 61 28 499 379 604 342 380 449 245 59 284 723 615 570 408 862 522 430 528 262 754 248 294 93 658 110 975 927 942 932 184 788 88 793 582 706 865 899 967 999 333 82 165 482 664 892 94 290 349
1000
500000244 755 500000371 484 930 499999806 500000415 499999836 499999797 585 48 25 500000000 601 1102 815 408 217 499999521 605 500000296 852 543 532 500000153 499999584 500000470 500000354 427 119 848 849 211 786 428 499999990 163 500000071 1084 759 500000396 500000048 105 500000147 774 499999976 692 499999670 495 500000032 500000224 500000452 928 1010 499999811 339 499999887 499999675 499999941 51 415 537 499999616 500000214 499999594 499999882 1073 499999595 1022 499999733 500000004 1012 500000345 931 500000061 894 398 958 500000122 500000358 641 499999835 693 499999685 384 231 499999734 833 177 499999537 499999676 548 499999855 500000541 500000181 1004 500000012 893 446 500000314 499999646 89 365 499999809 500000248 499999552 772 329 499999678 499999925 610 500000528 499999647 500000385 500000458 1050 499999805 500000030 645 500000490 500000469 477 500000066 500000011 499999932 371 499999853 499999702 500000322 500000465 274 313 500000327 913 1082 499999512 500000309 500000278 499999687 5 499999846 75 499999622 500000024 500000062 500000462 499999840 499999638 84 499999760 952 156 500000133 499999453 998 186 700 76 499999828 512 499999865 500000479 1049 396 499999473 279 500000424 499999542 811 500000374 626 941 499999973 500000225 666 500000425 351 499999872 500000275 500000537 46 499999854 258 500000497 500000127 500000303 499999693 500000250 499999665 213 500000206 232 499999838 314 500000414 70 499999522 499999561 568 824 949 980 157 299 945 153 864 500000173 500000514 499999714 634 40 344 500000057 349 745 500000163 500000252 499999999 104 208 499999977 169 500000419 499999603 940 918 393 712 625 499999571 500000227 499999899 499999891 735 499999731 840 499999565 254 499999916 499999513 110 400 810 499999452 500000005 499999955 499999463 290 505 500000159 499999593 250 518 65 702 306 681 334 499999625 239 499999708 500000268 278 500000160 500000121 683 499999569 657 835 77 500000092 150 1077 137 499999975 500000186 766 35 499999844 181 500000265 500000397 372 689 1097 500000441 960 500000517 1006 565 807 708 499999511 499999468 481 679 500000346 500000261 199 946 500000105 500000281 499999570 784 561 500000449 877 499999601 302 346 731 413 647 987 500000238 972 499999462 106 262 402 721 763 500000263 973 335 364 80 499999546 499999485 751 22 92 796 499999674 354 499999721 792 727 944 500000329 499999792 500000167 999 500000550 499999726 500000228 500000258 499999980 500000433 1060 680 499999700 500000154 957 499999508 500000315 500000020 499999893 500000334 499999787 614 193 482 499999994 1069 500000431 125 499999664 201 499999958 529 499999906 577 204 500000117 500000249 500000242 158 500000460 410 500000231 499999695 499999807 500000340 305 703 500000511 460 421 500000210 742 162 652 500000088 620 733 834 899 500000491 500000473 500000174 147 500000547 496 388 500000376 887 615 499999617 499999889 499999934 499999905 500000036 328 500000065 71 861 1074 499999863 499999966 499999719 378 499999480 817 500000207 499999455 1056 500000524 917 34 993 1100 499999843 499999534 369 500000267 500000137 926 630 499999914 514 728 350 191 499999984 830 499999817 825 638 808 33 455 273 694 500000525 500000482 100 1005 499999749 500000007 412 1064 956 499999689 642 109 591 499999682 499999684 500000351 879 1061 500000331 500000029 332 783 499999479 510 473 734 500000527 499999641 342 1035 418 58 500000410 118 382 500000240 1093 499999659 499999494 500000503 174 207 185 459 547 323 500000487 114 499999509 499999767 164 499999502 499999604 499999991 500000246 499999886 499999591 352 686 499999547 995 500000114 632 500000131 325 500000434 500000197 500000078 1091 904 1057 499999490 67 499999951 50 588 500000280 499999852 964 907 499999566 178 499999496 499999716 500000432 499999597 500000230 500000317 618 867 499999808 17 962 822 451 500000006 500000495 443 974 521 500000198 500000216 655 500000229 184 499999609 83 739 499999860 499999830 743 304 500000145 499999545 499999651 719 499999940 500000041 1017 1018 499999802 500000043 500000148 499999869 499999486 170 935 435 500000039 500000060 499999698 1043 499999786 1001 500000360 500000134 1055 924 500000430 26 28 499999898 1028 499999697 499999927 331 375 499999897 499999745 500000146 499999696 691 500000480 376 102 499999564 500000222 500000338 499999510 499999636 499999742 133 844 1047 1044 499999943 499999878 500000530 499999747 159 1026 16 500000304 499999539 1019 56 500000330 499999974 500000013 86 515 499999457 499999785 500000254 499999912 499999919 500000534 195 499999487 890 245 621 499999464 499999850 499999968 143 500000387 499999969 500000286 499999829 802 499999903 131 500000404 500000044 1051 500000107 609 603 453 1095 499999775 182 717 499999764 464 939 172 499999573 500000236 500000464 500000213 499999782 1070 499999819 500000285 500000333 619 139 500000370 499999576 87 500000243 499999834 597 756 499999585 500000427 500000165 674 468 500000341 677 499999848 942 500000008 499999575 500000311 1063 627 500000175 499999823 42 573 895 499999701 500000361 914 500000478 499999790 499999615 500000299 500000543 633 499999942 469 500000335 499999952 383 29 310 69 499999804 500000529 969 624 66 20 489 500000055 499999540 582 190 499999498 499999880 499999504 499999661 486 827 499999481 43 499999531 499999704 1066 499999735 628 499999875 500000003 175 1099 806 500000098 539 499999691 499999972 224 552 500000508 171 268 111 7 500000110 499999736 500000451 499999995 500000277 500000199 499999476 499999732 500000494 263 500000009 487 499999920 500000481 499999629 566 499999614 915 228 500000365 500000112 128 499999907 667 500000102 500000171 963 500000193 500000053 499999528 425 220 499999643 312 500000308 572 988 11 499999929 959 937 12 447 730 99 499999718 500000428 320 500000320 500000196 44 499999562 500000463 499999741 303 297 500000139 500000507 932 741 499999598 196 445 500000302 499999888 21 500000520 500000350 600 257 2 499999826 499999488 499999628 863 500000023 500000472 1096 500000378 662 499999578 499999890 500000290 452 499999771 623 373 499999757 499999794 516 500000439 986 499999713 499999683 906 500000445 499999985 746 499999957 842 214 500000457 875 183 500000218 499999715 500000016 499999871 549 500000109 579 500000089 790 52 671 500000319 1025 687 500000438 500000202 500000270 500000211 933 138 499999671 499999812 499999530 500000538 500000100 500000440 68 876 500000169 1036 500000172 500000002 500000201 500000272 1027 417 499999776 499999756 675 499999705 499999839 701 499999724 578 499999589 500000372 500000535 499999960 589 261 499999928 462 1083 500000416 530 695 500000156 1053 500000426 321 544 670 500000178 500000483 488 499999503 846 522 419 1090 874 770 500000047 1040 499999946 499999581 669 499999658 499999948 317 499999738 500000025 908 768 953 276 569 771 664 499999579 499999649 500000488 499999987 636 500000400 500000056 500000086 839 499999779 920 500000368 858 500000125 1052 500000209 141 709 108 500000443 804 706 898 500000234 1007 474 513 872 500000332 499999523 950 432 499999949 631 499999950 499999789 500000306 500000359 151 237
1 2 1 2 2 1 1 1 1 2 2 2 1 2 2 2 2 2 1 2 1 2 2 2 1 1 1 1 2 2 2 2 2 2 2 1 2 1 2 2 1 1 2 1 2 1 2 1 2 1 1 1 2 2 1 2 1 1 1 2 2 2 1 1 1 1 2 1 2 1 1 2 1 2 1 2 2 2 1 1 2 1 2 1 2 2 1 2 2 1 1 2 1 1 1 2 1 2 2 1 1 2 2 1 1 1 2 2 1 1 2 1 1 1 1 2 1 1 2 1 1 2 1 1 1 2 1 1 1 1 2 2 1 2 2 1 1 1 1 2 1 2 1 1 1 1 1 1 2 1 2 2 1 1 2 2 2 2 1 2 1 1 2 2 1 2 1 1 2 1 2 2 1 1 2 1 2 1 1 1 2 1 2 1 1 1 1 1 1 2 1 2 1 2 1 2 1 1 2 2 2 2 2 2 2 2 2 1 1 1 2 2 2 1 2 2 1 1 1 2 2 1 2 1 1 2 2 2 2 2 1 1 1 1 2 1 2 1 2 1 1 2 2 2 1 1 1 1 2 2 1 1 2 2 2 2 2 2 2 1 2 1 1 2 1 1 2 1 2 2 2 1 2 2 2 1 1 2 2 1 2 1 1 2 2 2 1 2 1 2 2 2 2 1 1 2 2 1 1 2 2 1 1 1 2 2 1 2 1 2 2 2 2 2 2 1 2 1 2 2 2 2 2 1 2 2 2 2 1 1 2 2 2 2 1 2 1 2 2 2 1 1 1 2 1 1 1 1 1 1 2 2 1 1 2 1 1 1 1 1 1 2 2 2 1 2 1 2 1 2 1 2 1 2 2 1 1 1 2 1 2 1 1 1 1 2 2 1 2 2 1 2 2 2 1 2 2 2 2 1 1 1 2 1 2 2 1 2 2 1 1 1 1 1 2 1 2 2 2 1 1 1 2 1 2 1 1 2 1 2 2 2 2 1 1 2 1 1 2 2 1 2 2 2 2 1 2 1 2 2 2 2 2 2 2 1 1 2 2 1 1 2 2 2 1 2 2 2 1 1 1 2 2 1 1 2 2 1 2 2 2 1 1 2 2 2 2 1 2 2 1 2 1 1 1 2 2 2 2 2 2 1 2 1 1 2 1 1 1 1 1 1 2 2 1 2 1 2 1 2 1 1 1 2 2 2 1 2 1 2 2 1 1 2 2 1 2 1 1 1 1 1 1 2 2 1 2 2 2 2 1 1 2 2 2 1 1 2 1 2 1 2 2 1 1 2 2 1 1 1 2 1 1 2 2 1 1 1 1 1 2 2 2 1 1 1 2 1 2 1 1 2 2 1 2 2 1 2 1 1 2 2 1 1 1 1 2 1 2 2 1 1 1 1 1 1 2 2 2 2 1 1 1 1 2 2 2 1 1 2 2 1 1 1 2 2 1 1 1 1 1 1 2 1 2 2 2 1 1 1 2 1 1 1 1 2 1 2 1 1 2 1 2 2 2 2 1 2 2 1 2 2 2 1 1 1 1 1 2 1 1 1 2 2 1 1 2 1 1 2 2 1 1 1 2 2 1 2 1 2 1 1 1 2 2 1 1 2 2 2 1 1 2 1 1 1 1 1 2 1 2 1 1 2 2 2 2 1 1 2 2 2 2 2 1 1 2 2 1 1 1 1 2 2 1 2 1 1 2 1 2 1 1 2 2 2 1 2 1 1 2 2 1 2 2 2 2 1 1 1 1 1 1 1 1 1 2 1 2 1 1 1 2 1 2 2 1 1 2 1 2 1 1 2 1 1 1 2 2 1 2 1 2 2 2 1 2 2 2 2 2 2 1 1 2 1 1 2 1 1 1 2 2 1 1 2 2 1 2 2 1 1 2 1 1 2 2 2 1 1 1 2 1 1 2 1 2 1 1 1 2 1 2 2 1 1 2 1 2 1 1 2 1 1 2 1 2 2 1 2 2 1 1 1 1 2 1 2 1 2 2 2 1 2 2 1 1 1 1 2 2 1 1 1 1 1 1 2 2 1 2 1 1 1 1 2 2 1 1 2 1 1 2 1 2 1 1 1 1 2 2 1 2 2 1 2 2 1 2 1 2 2 2 1 1 2 1 2 2 2 2 2 2 1 2 1 1 2 1 1 2 1 1 2 2 2 2 2 2 2 1 1 1 1 2 1 1 1 2 1 2 1 2 1 2 1 2 2 2 1 2 2 2 1 2 2 2 2 1 1 2 2 1 2 1 1 1 1 2 2
285 323 170 568 162 681 129 654 690 476 957 980 508 463 0 267 635 801 934 460 239 235 516 524 368 878 77 187 618 892 238 237 807 293 617 518 851 443 17 319 147 465 905 374 304 529 380 799 558 477 303 95 164 88 677 698 610 795 561 954 629 521 847 313 868 613 28 867 76 744 504 86 194 161 453 196 644 137 399 183 425 655 379 786 657 791 743 250 837 919 794 511 636 10 342 94 496 197 602 223 818 918 674 678 282 907 306 708 792 576 455 22 817 157 89 49 682 479 422 58 78 575 448 497 569 670 638 771 216 82 752 721 211 179 19 943 228 254 784 996 645 931 841 485 452 85 650 826 923 723 142 857 388 997 100 828 372 930 662 544 628 68 50 646 981 747 122 914 270 167 439 152 532 302 406 121 687 621 257 14 959 637 766 51 394 233 780 280 802 805 321 790 652 720 130 936 933 899 491 259 145 117 856 733 149 860 224 350 34 760 431 965 693 457 689 332 359 278 509 906 810 528 845 126 859 153 174 649 360 440 889 301 598 606 339 746 244 895 770 583 942 901 642 271 998 503 549 989 739 550 362 869 774 538 941 370 727 391 703 838 783 765 263 748 361 400 389 891 414 248 929 423 863 24 876 530 338 312 970 647 833 266 146 669 383 5 105 135 32 92 494 274 364 944 985 571 393 193 269 816 148 415 251 890 295 498 98 212 861 731 691 343 631 421 110 291 125 990 904 763 640 353 315 268 124 702 675 927 912 969 326 982 915 284 796 684 754 288 347 150 209 694 356 99 1 749 300 272 525 113 39 392 773 367 138 947 222 489 604 204 699 451 822 570 514 31 115 887 803 814 547 527 591 483 812 404 281 287 855 87 634 297 778 680 199 728 369 37 588 623 317 335 852 418 427 445 341 249 191 57 74 349 866 4 557 653 165 202 450 846 608 567 592 475 709 449 935 227 27 630 539 755 663 974 265 320 995 43 26 175 971 104 2 648 922 672 264 384 166 435 584 542 346 688 824 523 253 673 258 428 273 972 593 753 378 25 65 909 93 732 501 632 35 139 782 424 902 471 789 787 189 210 38 207 480 705 296 975 546 578 340 23 823 695 63 626 948 134 893 659 289 9 808 960 45 840 811 829 589 512 713 61 897 946 717 850 952 858 517 283 611 871 686 386 911 102 407 433 390 712 112 329 436 11 188 42 964 939 552 955 474 252 639 131 185 894 836 958 758 114 865 298 220 447 221 679 986 133 261 597 502 53 605 123 535 328 311 416 299 830 853 924 337 633 660 334 729 376 913 813 355 562 470 81 80 685 469 373 624 968 844 158 612 472 454 775 56 700 97 181 387 44 168 116 979 977 599 70 776 574 706 666 600 736 375 777 381 67 665 908 896 305 201 945 827 737 879 241 52 55 559 616 20 734 854 72 987 232 917 79 949 208 531 495 921 541 993 701 276 586 580 16 820 967 200 779 444 988 641 537 870 155 536 246 661 279 594 881 140 468 48 413 456 462 595 7 711 832 357 719 585 154 842 888 292 83 314 704 30 671 247 205 446 874 171 885 920 286 656 467 322 877 119 358 398 582 198 395 643 151 500 886 226 36 438 348 667 963 487 195 772 180 178 69 696 848 236 8 432 560 581 203 551 658 976 724 937 683 21 127 441 940 984 563 459 916 478 825 956 615 950 806 566 256 973 962 925 769 33 742 437 619 505 839 3 275 420 519 781 533 797 507 40 843 757 900 994 411 741 96 513 255 327 978 745 54 762 499 565 579 66 834 493 849 177 793 176 409 884 590 405 417 352 132 333 461 928 620 800 821 722 229 488 109 992 572 136 156 991 601 344 910 756 118 716 218 330 961 898 84 738 730 735 382 41 160 336 864 819 603 234 609 983 29 190 464 767 999 664 966 835 225 486 75 6 163 410 883 607 243 596 714 442 668 725 692 540 107 111 761 788 186 101 522 331 548 242 804 90 214 831 309 759 492 622 510 412 481 426 290 953 401 219 73 385 108 324 262 316 159 875 798 676 926 13 419 106 938 213 354 62 351 506 325 260 71 627 710 726 397 768 651 371 751 482 873 169 15 545 473 764 573 587 18 128 526 377 365 46 120 715 515 402 345 64 564 951 240 534 625 12 215 308 466 59 556 880 403 809 555 718 740 484 184 310 141 750 490 307 408 882 815 60 520 430 143 458 429 245 707 172 173 230 396 47 318 872 363 903 103 277 366 192 294 91 577 543 217 206 932 144 614 554 434 553 697 231 182 862 785
