10
100
2967 8533 4288 4319 5731 9278 9269 4358 3633 5011 3601 7153 9248 2872 9260 8587 3596 4302 2931 4306 8594 5017 5025 3578 2889 6398 7123 3598 5067 3648 8521 7802 3668 3620 3628 8508 9266 4280 2892 3579 6405 4334 7095 5064 2969 3606 5015 7809 7871 9264 6385 4335 3630 3610 5055 9271 5056 4293 6447 7857 5049 5746 8562 8518 2904 9289 9212 5761 7822 7844 7792 4995 5020 2922 5075 7799 3621 7820 7144 5724 3671 4363 6458 6475 4370 6456 7875 5057 7171 6476 3582 7841 8583 3594 2924 7836 8580 9207 5685 3613
10 2 8 8 6 1 1 8 9 7 9 4 1 10 1 2 9 8 10 8 2 7 7 9 10 5 4 9 7 9 2 3 9 9 9 2 1 8 10 9 5 8 4 7 10 9 7 3 3 1 5 8 9 9 7 1 7 8 5 3 7 6 2 2 10 1 1 6 3 3 3 7 7 10 7 3 9 3 4 6 9 8 5 5 8 5 3 7 4 5 9 3 2 9 10 3 2 1 6 9
3 60 87 56 51 19 28 18 40 67 71 35 49 97 37 7 76 73 39 69 0 61 54 94 80 86 64 74 12 25 72 88 5 53 45 85 31 95 77 93 79 42 92 15 1 66 63 81 20 33 99 41 43 62 24 26 23 82 38 34 30 36 32 75 65 8 84 21 68 47 98 83 58 48 4 91 52 70 44 57 2 13 27 10 6 29 16 22 17 9 90 50 11 78 46 55 14 89 96 59
100
9189108 9778819 9806495 9078557 9391861 9170717 9631379 9318160 9272008 9760394 9769574 9898597 9834064 9419429 9290506 9087774 9391864 9179876 9732695 9097028 9557718 9401070 9152274 9576073 9483990 9078529 9594530 9612988 9695913 9907786 9087764 9695873 9437943 9382569 9806501 9511599 9272014 9751213 9096938 9272012 9751205 9898625 9502417 9649855 9686645 9253631 9400994 9308862 9336522 9078552 9078554 9419461 9741923 9115420 9115442 9502346 9502376 9585293 9732699 9511626 9557655 9760344 9631411 9474721 9170712 9308863 9815679 9649834 9143040 9244383 9539253 9695932 9253610 9087784 9520835 9179901 9428724 9087770 9834085 9760435 9354968 9364140 9806484 9318145 9631433 9262783 9686669 9493168 9382644 9152212 9225993 9824870 9364201 9668230 9262878 9530047 9456302 9299685 9465513 9493163
88 24 21 100 66 90 40 74 79 26 25 11 18 63 77 99 66 89 29 98 48 65 92 46 56 100 44 42 33 10 99 33 61 67 21 53 79 27 98 79 27 11 54 38 34 81 65 75 72 100 100 63 28 96 96 54 54 45 29 53 48 26 40 57 90 75 20 38 93 82 50 33 81 99 52 89 62 99 18 26 70 69 21 74 40 80 34 55 67 92 84 19 69 36 80 51 59 76 58 55
60 45 11 43 15 23 61 4 86 42 76 49 84 89 16 40 12 78 98 0 10 20 38 83 26 71 54 24 25 74 50 65 3 92 5 59 80 9 90 82 17 21 27 13 79 35 95 88 70 48 46 57 85 36 14 97 68 77 94 32 73 91 29 81 28 87 41 34 58 69 47 6 56 30 37 53 8 44 63 1 52 93 22 19 7 96 55 62 18 99 31 64 33 66 2 39 72 51 75 67
100
878542811 885139439 882071427 880525792 881596533 875507671 878826973 878053113 884415067 883926935 876076087 877292443 881249084 882816118 887368232 882672680 882399704 882064200 883143032 881499715 886714710 884181702 882196463 886597558 875513457 875174347 876829319 879474078 883316836 881347424 878880744 885342051 883018456 884173530 885800830 881228967 886295101 883272550 883265573 884909922 880076846 880282608 881498420 877003725 880372333 885502371 879227614 877202468 883202687 876324400 877804615 880673279 885380622 887427102 877263951 887003124 886640220 877332354 878429304 887055306 883653027 883344543 884209066 877781039 885730678 883359623 882493165 882602565 877539610 884280651 885493609 886899784 880057446 882981807 883193594 878623466 884464495 879570063 883600980 880423559 876283737 879638785 877267867 877686089 875902074 879578416 884848538 880868153 886918287 876679572 878683478 885747731 884863923 882507406 882854875 882467945 886775536 882369474 885112794 878583486
971657 918884 943428 955793 947227 995938 969384 975575 924679 928584 991391 981660 950007 937471 901054 938618 940802 943486 934855 948002 906282 926546 942428 907219 995892 998605 985365 964207 933465 949220 968954 917263 935852 926611 913593 950168 909639 933819 933875 920720 959385 957739 948012 983970 957021 915981 966179 982380 934378 989404 977563 954613 916955 900583 981888 903975 906878 981341 972565 903557 930775 933243 926327 977751 914154 933123 940054 939179 979683 925754 916051 904801 959540 936145 934451 971012 924284 963439 931192 956611 989730 962889 981857 978511 992783 963372 921211 953054 904653 986563 970532 914018 921088 939940 937161 940256 905795 941044 919097 971332
63 60 72 82 91 78 26 11 57 64 37 56 40 7 17 69 45 49 92 34 39 47 36 66 42 27 55 46 38 75 6 73 43 94 44 32 23 74 51 77 28 16 79 24 41 4 10 31 62 99 9 95 3 22 48 1 29 20 70 68 97 81 58 85 71 2 84 59 14 98 15 90 53 67 30 33 5 61 19 65 12 89 8 35 50 83 86 96 87 52 21 18 76 93 0 54 88 25 80 13
500
3069 6955 5914 5697 2922 6965 5169 3829 6816 8396 8564 5217 2891 3121 8552 5220 6221 3800 6156 5725 6757 5121 3167 7634 3912 6567 8541 8088 6368 8786 3725 7233 5818 6181 5751 6141 7454 4797 4956 3431 3847 6095 8587 9175 4228 9286 7197 3902 7203 7723 7641 3145 4393 7466 4566 8885 9211 8382 8241 7336 9268 7962 7153 7077 4628 5504 3593 7770 4786 6668 3547 7683 6229 6577 7330 7213 5124 8332 7965 3632 3744 4901 3992 4082 6261 6203 8988 2934 5766 4301 3764 4521 8628 7240 8613 5944 2954 4362 8626 3530 8538 6536 8513 8955 7478 8859 5422 3240 6001 6549 8965 3541 7160 5837 4420 8141 2795 3077 6331 3629 7256 3421 5503 3328 5991 8221 6523 6603 7079 7680 8351 8644 5291 4371 8918 4659 3617 6343 3942 8275 3217 4327 7306 6257 6939 4872 9025 2969 8404 3523 3428 6461 5992 6332 5585 4941 3646 5545 6335 8464 6189 6928 6188 6209 5254 4372 3489 8584 6974 6302 8381 5983 6197 6804 5852 6750 6761 8393 5147 7062 8653 6852 9021 6590 7315 7838 3024 9248 4357 7977 9079 8761 7782 5931 6312 9184 5306 3086 5271 6860 3551 5779 3604 3451 3914 5978 6740 6754 4388 6485 6158 7792 7510 6227 7582 6276 3050 7934 6528 8606 5821 7653 8154 6639 7455 5841 8431 7613 6972 5619 5574 5465 7147 6144 3315 7804 4883 3859 6140 6830 4785 5895 5677 4241 7857 4995 9298 5329 7940 3472 6818 5576 5482 4205 6772 8418 7302 3772 3937 8334 3657 7725 5480 7453 8225 5418 3572 7817 7406 6472 7650 3819 9081 7611 3795 9109 4211 4599 6442 3775 5501 4575 7871 4115 6251 7024 8405 8262 5434 3622 6333 9173 7141 6908 6496 5088 6406 7238 7104 8398 5656 7993 8359 6354 7522 6563 4509 6802 6443 4387 3544 3009 5285 8830 3982 6880 2947 6963 6400 5785 8532 5962 7638 6745 4621 3686 2988 5463 7564 8325 3538 4499 7671 6185 5287 8540 7484 4666 8319 3650 5021 4576 4674 3492 8107 4837 2912 5716 5894 7917 7775 5941 6962 9171 5040 3148 3575 9285 5163 4227 6769 3815 6919 4427 5600 3102 3141 6078 5191 8765 3962 7461 6935 5485 2775 6847 7205 8547 4985 7789 4503 6578 7113 8367 3282 4243 8768 5568 3869 3066 9305 9077 8838 3964 6465 7246 7674 8823 3700 8244 4812 7833 6380 5204 4223 5845 8212 9333 7603 8773 8257 5497 8273 7808 7794 4178 8851 9123 3229 7657 4531 6800 6629 4984 3923 2839 3658 8101 6522 8453 3845 7974 7756 8335 5514 4767 3952 4434 3608 9036 8113 3454 9073 3669 7708 9216 4831 9059 5444 8463 3860 8428 3013 7054 6909 8600 7928 5044 7034 8331 7949 2966 6002 3082 5620 7316 3500 7156 9191 7929 3155 7250 6964 6447 8758 7863 3443 3128 7329 7599 2923 8298 8492 7985 6873 8534 6759 4382 5554 6084 7514 8353 8117 7049 8961 6905 5917 8916 8746 3430
10 4 6 6 10 4 7 9 4 2 2 7 10 10 2 7 5 9 5 6 4 7 10 3 9 5 2 2 5 1 9 4 6 5 6 5 3 7 7 9 9 5 2 1 8 1 4 9 4 3 3 10 8 3 8 1 1 2 2 4 1 3 4 4 8 6 9 3 7 5 9 3 5 5 4 4 7 2 3 9 9 7 9 8 5 5 1 10 6 8 9 8 2 4 2 6 10 8 2 9 2 5 2 1 3 1 6 10 6 5 1 9 4 6 8 2 10 10 5 9 4 9 6 10 6 2 5 5 4 3 2 2 7 8 1 8 9 5 9 2 10 8 4 5 4 7 1 10 2 9 9 5 6 5 6 7 9 6 5 2 5 4 5 5 7 8 9 2 4 5 2 6 5 4 6 4 4 2 7 4 2 4 1 5 4 3 10 1 8 3 1 1 3 6 5 1 7 10 7 4 9 6 9 9 9 6 4 4 8 5 5 3 3 5 3 5 10 3 5 2 6 3 2 5 3 6 2 3 4 6 6 6 4 5 10 3 7 9 5 4 7 6 6 8 3 7 1 7 3 9 4 6 6 8 4 2 4 9 9 2 9 3 6 3 2 6 9 3 3 5 3 9 1 3 9 1 8 8 5 9 6 8 3 8 5 4 2 2 6 9 5 1 4 4 5 7 5 4 4 2 6 3 2 5 3 5 8 4 5 8 9 10 7 1 9 4 10 4 5 6 2 6 3 4 8 9 10 6 3 2 9 8 3 5 7 2 3 8 2 9 7 8 8 9 2 7 10 6 6 3 3 6 4 1 7 10 9 1 7 8 4 9 4 8 6 10 10 5 7 1 9 3 4 6 10 4 4 2 7 3 8 5 4 2 10 8 1 6 9 10 1 1 1 9 5 4 3 1 9 2 7 3 5 7 8 6 2 1 3 1 2 6 2 3 3 8 1 1 10 3 8 4 5 7 9 10 9 2 5 2 9 3 3 2 6 7 9 8 9 1 2 9 1 9 3 1 7 1 6 2 9 2 10 4 4 2 3 7 4 2 3 10 6 10 6 4 9 4 1 3 10 4 4 5 1 3 9 10 4 3 10 2 2 3 4 2 4 8 6 5 3 2 2 4 1 4 6 1 1 9
230 321 78 257 358 312 143 152 434 224 87 104 384 189 96 101 380 177 430 233 484 184 150 308 84 89 105 483 252 454 238 88 157 412 211 443 456 453 323 485 137 481 67 132 378 39 117 92 112 231 301 168 235 447 93 377 100 236 359 1 54 35 153 215 42 418 352 194 461 3 391 265 374 80 6 103 181 278 33 319 221 372 17 497 346 394 287 347 200 316 204 131 34 81 46 53 330 262 36 404 107 114 129 317 437 398 489 90 5 102 307 396 147 142 212 439 459 223 284 322 68 494 419 16 13 376 124 59 213 268 263 20 44 254 348 15 332 272 60 329 108 292 27 349 334 395 255 318 218 410 488 176 12 283 355 337 306 388 280 169 405 344 406 389 74 253 436 70 303 310 237 21 400 445 130 491 480 227 162 228 11 407 258 69 19 136 269 71 266 22 208 475 183 65 300 123 32 216 61 401 387 191 343 466 82 25 499 487 240 156 429 175 413 375 353 333 247 58 120 51 155 291 428 29 455 138 196 326 305 325 364 451 158 441 28 165 386 128 444 422 462 94 273 367 121 289 30 10 52 449 432 362 438 397 470 205 31 199 64 276 296 229 440 457 373 493 371 154 498 167 294 160 207 328 180 186 392 66 193 197 421 86 109 467 354 260 217 341 477 327 282 133 163 361 146 209 220 83 195 222 293 8 256 264 402 91 140 446 192 241 393 281 49 417 26 385 336 314 225 185 113 38 304 495 48 270 299 452 369 285 399 148 274 408 47 106 431 9 290 302 267 85 2 433 465 420 366 242 95 72 190 56 315 134 250 166 368 40 149 379 473 164 351 206 342 202 171 496 126 472 43 450 338 435 476 411 110 99 297 178 144 79 187 249 55 365 469 370 119 232 23 210 415 41 172 77 271 424 259 356 442 141 243 115 382 135 383 0 335 464 345 425 331 161 173 416 403 174 98 288 122 448 37 298 75 423 295 471 125 179 139 24 203 275 414 479 50 201 340 246 460 463 214 286 244 97 426 226 468 170 127 198 277 234 360 57 63 248 251 279 45 320 4 219 324 18 427 151 118 62 159 73 313 188 478 116 474 182 7 339 357 309 145 14 390 111 482 245 381 492 409 261 458 239 311 363 76 350 490 486
500
6622183 2118943 5063058 5063240 8527358 2205422 4543621 6795149 4716872 3591002 5929557 1685554 8700377 2551867 5756073 9047184 8008003 5582790 7574848 5149581 2811416 6362156 7834459 7228621 1599074 6449008 3677390 2292103 8527632 2118722 7920918 5149764 9047057 2638250 1859159 3157951 5842990 5842920 4110861 2638299 1512310 3417822 4197452 8354068 8440696 8873587 8007686 1945450 7315165 7834445 5755815 6188902 8181074 5150081 1685982 8960220 4976724 8267843 8440827 3850639 1858753 8094705 1945457 8873678 1425985 3417832 6881892 5149733 6708597 8007603 4630206 4283642 3331108 7228252 3937180 7314960 7141759 3937135 3850978 7141845 3504179 2638144 5150016 6535448 3331245 5842703 8267541 8527653 4630403 6968703 9046988 9133580 7921059 6449175 2205420 6015665 7574795 1945298 7834557 5929388 3417731 8613923 1339457 3157835 8787005 7314889 4803735 3158274 6189379 6275545 2465126 4716836 9046981 2898420 2119004 2291651 3937183 2378433 1512663 6362547 6448810 4717043 7314946 2984732 4197385 2638548 2638647 8787274 7228649 3937155 6882053 2378779 2811762 3331358 6795170 1598952 5409436 8787400 7055046 7142002 8527526 5842767 1945339 6449009 7488169 8094233 1512562 2031963 3850761 5842481 7314783 5236727 5236677 3591055 8787190 3158101 4457158 2465033 6448829 3677567 1512598 6795437 5929018 8700761 9133469 6881866 4543929 7748015 1426106 8527688 2464864 2465315 8007640 8787415 6708514 5842757 6102294 6535694 6622192 5063177 6362474 2898307 4457228 4283737 8354013 1945446 3677349 2551924 2984869 2811853 8873956 5496211 7921067 1426042 7921024 7748043 3591217 5669622 3071213 3157921 8440531 7921403 3417977 4197026 3677469 2985062 7921225 8787057 9047117 9046951 3504596 5149667 2551707 5409916 3417749 2551916 5409493 7401396 6795484 8441090 2032335 5842891 3417768 4716837 4803579 5669335 6362199 2378479 2551997 6622418 1858712 3764392 2032003 7834691 3590911 7920960 4024304 3244363 3331089 4630062 1772391 4976430 8787042 6362178 8527476 8440933 3590895 8960661 8873625 9046903 7834830 2291856 3763946 5496010 3937334 6795250 4024021 4976838 4803635 8354113 8354385 8527435 6015647 2205377 8700937 6362384 8873876 6795455 2898363 1772145 3850932 1599045 3764437 5063278 3764244 1945331 4717021 3851080 1945770 7141739 3677718 6708512 2724800 7401367 5929432 6448638 3850949 3851043 7314826 6968710 3244766 8440851 2118834 7315222 6016192 5842484 6102264 8440613 7488453 5150130 6189065 6621924 1772384 3677329 3158090 4543405 4024107 2984619 5063329 5582966 5929470 6189151 4716690 6968752 6102694 2118996 2205362 5929035 7228381 5929323 2205306 1599120 8873893 4370683 3157697 7315099 2638644 7315062 7141660 2291689 4456982 8354350 6189301 3417786 4889964 1512548 6015786 9133388 5842887 1512781 3677470 3158200 2638558 8094437 7661480 3158262 4024289 4976460 6188866 2898422 7401680 3331050 5496330 8527500 3417740 7401837 4370351 1599349 7055303 6795346 4370292 2984501 3071447 8181234 4543698 4110852 4023890 2032125 2205533 6189418 6102666 2551863 1945697 1945757 3937416 9046878 4889936 8007612 8267607 6968860 1339036 3850833 7661119 1512655 7661175 2638114 6622009 3504502 6535819 7661252 1685531 7488108 2378843 3417784 5063222 1425970 3158222 2205441 8007870 2551515 4370324 7574884 3850540 9047004 6102731 2724833 4024113 3157765 6968543 8007956 4630416 4803436 5236210 3244546 7661624 2898186 6102791 5496226 2032304 6015668 6882051 8180959 3937343 3330943 6708892 7488048 1772564 5149841 4283751 4283905 2205364 5842668 8874131 2378582 4370281 6189128 6448951 4283879 8180912 6016098 7834718 8787199 3244840 8267391 1945347 6362058 1772419 8787236 4284132 6882068 2465277 4803670 7574924 1512298 7228451 2205469 4457046 3590744 2291843 2118642 5149755 2551797 2205471 3158243 3071400 1945236 8094249 2205481 9133913 3158118 1945245 3591009 8440600 2725116 2118820 2984786 2465424 4716698 2031940 2032210 4890016 3591244 2811695 5496168 1945816 4543403 4543352 2205289 2118926 4976966 5236772 4370440 8440597 8007837 6708711 5149609 5583163 8613832 8960710 6188950
39 91 57 57 17 90 63 37 61 74 47 96 15 86 49 11 23 51 28 56 83 42 25 32 97 41 73 89 17 91 24 56 11 85 94 79 48 48 68 85 98 76 67 19 18 13 23 93 31 25 49 44 21 56 96 12 58 20 18 71 94 22 93 13 99 76 36 56 38 23 62 66 77 32 70 31 33 70 71 33 75 85 56 40 77 48 20 17 62 35 11 10 24 41 90 46 28 93 25 47 76 16 100 79 14 31 60 79 44 43 87 61 11 82 91 89 70 88 98 42 41 61 31 81 67 85 85 14 32 70 36 88 83 77 37 97 53 14 34 33 17 48 93 41 29 22 98 92 71 48 31 55 55 74 14 79 64 87 41 73 98 37 47 15 10 36 63 26 99 17 87 87 23 14 38 48 45 40 39 57 42 82 64 66 19 93 73 86 81 83 13 52 24 99 24 26 74 50 80 79 18 24 76 67 73 81 24 14 11 11 75 56 86 53 76 86 53 30 37 18 92 48 76 61 60 50 42 88 86 39 94 72 92 25 74 24 69 78 77 62 95 58 14 42 17 18 74 12 13 11 25 89 72 52 70 37 69 58 60 19 19 17 46 90 15 42 13 37 82 95 71 97 72 57 72 93 61 71 93 33 73 38 84 30 47 41 71 71 31 35 78 18 91 31 46 48 45 18 29 56 44 39 95 73 79 63 69 81 57 51 47 44 61 35 45 91 90 47 32 47 90 97 13 65 79 31 85 31 33 89 64 19 44 76 59 98 46 10 48 98 73 79 85 22 27 79 69 58 44 82 30 77 52 17 76 30 65 97 34 37 65 81 80 21 63 68 69 92 90 44 45 86 93 93 70 11 59 23 20 35 100 71 27 98 27 85 39 75 40 27 96 29 88 76 57 99 79 90 23 86 65 28 71 11 45 84 69 79 35 23 62 60 55 78 27 82 45 52 92 46 36 21 70 77 38 29 95 56 66 66 90 48 13 88 65 44 41 66 21 46 25 14 78 20 93 42 95 14 66 36 87 60 28 98 32 90 64 74 89 91 56 86 90 79 80 93 22 90 10 79 93 74 18 84 91 81 87 61 92 92 59 74 83 52 93 63 63 90 91 58 55 65 18 23 38 56 51 16 12 44
221 79 432 280 314 185 275 422 240 256 48 388 472 160 279 146 88 341 203 496 379 400 371 44 285 193 436 119 83 267 489 347 253 345 57 281 15 75 59 304 420 231 70 383 362 471 355 318 94 382 492 440 205 80 30 450 207 68 255 401 397 6 313 396 186 224 307 373 378 424 292 416 323 353 456 269 263 488 116 190 439 434 136 330 209 259 319 69 127 133 311 320 374 54 187 464 247 448 289 191 308 348 121 376 455 326 22 8 39 407 274 272 315 45 28 494 453 349 123 73 357 96 278 290 125 95 10 227 20 474 172 61 89 112 406 387 465 122 351 58 175 204 411 192 268 403 208 395 300 445 415 46 86 211 299 156 158 352 342 287 178 182 495 152 413 329 16 238 82 38 491 115 394 108 451 213 444 124 214 333 134 140 97 334 429 322 469 111 176 12 162 321 367 138 404 215 74 151 393 306 498 84 100 425 369 11 236 410 202 340 87 427 295 64 293 118 417 408 143 33 81 98 276 271 154 391 363 312 52 23 430 101 359 177 331 459 17 443 338 412 194 454 421 381 217 165 344 78 441 380 62 327 475 486 325 337 257 109 105 346 117 251 477 223 2 210 229 166 92 399 157 310 66 248 226 419 113 32 51 277 161 452 390 431 153 499 142 65 377 128 103 234 171 47 21 442 467 433 27 40 303 438 200 485 164 458 184 384 206 195 120 230 392 91 106 34 235 484 245 243 282 246 216 50 490 150 13 181 343 466 305 148 104 264 335 220 360 479 102 24 368 72 85 232 180 19 31 426 468 43 169 372 222 197 301 37 328 56 137 260 375 482 198 71 212 67 364 261 90 5 131 163 110 63 258 402 358 418 266 0 473 239 480 130 435 461 365 167 18 370 409 316 4 265 296 199 55 168 201 457 350 173 483 298 76 361 179 437 270 129 114 273 478 288 60 242 26 309 107 462 174 302 317 463 132 366 49 283 324 196 233 286 14 225 386 250 241 218 339 99 155 291 42 447 405 481 170 262 3 159 149 77 139 428 188 145 252 470 336 332 354 219 144 35 237 493 389 135 41 141 487 249 446 126 183 244 25 385 414 189 294 53 147 356 9 460 497 297 93 1 7 254 449 228 284 476 29 423 36 398
500
161231547 194716918 176861889 140332977 192679709 139117667 132905820 185245649 166429507 123826478 148040776 182650217 192529431 146154874 171162124 156336874 123548270 116902425 187192693 198810231 188594413 198881268 168513780 168654981 142752759 117174164 173633566 185709245 138736691 193264803 156217568 127532670 151202933 173067037 116858096 184630932 183155189 144164356 141084770 156387395 150958644 117377918 155823262 178238625 172604888 119031547 164597345 142831843 151558033 146500651 130015599 171423899 169786273 153984420 147673294 124113444 123640662 160922771 185929325 117792382 113928969 157611044 159638735 179244427 119453327 131908083 180292644 189898352 136621667 192184890 147136701 194760855 159679427 113126873 140292704 147878160 157430748 191957077 123467878 120240019 135112741 168271595 112657130 157411968 149378746 175576419 129345662 177067577 171737159 170544701 130453435 172779126 150184279 138183221 195638926 192944783 195825949 143366636 128851439 129200307 162130381 178849309 168667813 183754962 191361465 189537008 180574026 179360841 170207162 124603593 173071205 185188831 151786201 187004181 175762803 165538981 149445192 155835314 186351934 182204741 114554083 196481959 190967277 132459442 128731373 148018837 182053809 130807180 137973406 169356238 189499817 162536296 142985679 148424631 194658992 129869700 166501396 126863457 137066396 151649265 117577804 131076762 124992504 162404733 163830210 196965367 176100616 144145462 173629300 174482252 182159744 116870528 118394465 141530889 162053865 126102255 183869682 134712153 115961710 127779391 179059076 121388071 154025342 189009724 186632250 120154461 126569447 121780907 149047415 195256562 143059479 135200984 115068184 135747366 184543445 149585924 180406890 116470723 181949317 129216772 185311369 130944354 153362347 173760938 185993888 116594506 197821607 193380425 190217810 115723232 177840660 119714258 176591092 111745887 171378627 155951179 132324589 124920592 143343664 194346528 110164989 112781645 176687195 174929859 146268285 167768865 191531776 188718474 165871225 128010760 157790856 114000544 154346411 139848718 119924200 142950403 184938525 173629112 145433888 146493930 131801142 120194771 181212222 120823194 118086375 130267634 146241683 131623215 175299761 122726549 187804499 124766418 170736256 183136359 125480213 163095082 127050476 136331500 137033398 176476506 132990096 112229859 153712173 189525671 126267799 136423610 129038800 153958848 125837046 144733554 183990685 125828114 171526291 134282557 192146864 176895623 136977999 191307270 148997921 153688154 115496526 134478439 159051280 119729846 161262908 192101593 131221597 157604230 118427329 178945206 112420706 128995166 148924740 148340089 114949023 183791641 118946216 139802304 139568830 143945936 187926133 187112885 194707137 193764096 120685697 167710746 117537391 186035904 112984470 128258734 146766720 122299748 147983049 154928873 188671974 196650911 159089728 144193711 182488297 174636044 186434397 179393650 178353630 117441759 112442840 153542251 156714261 156600691 163070531 130765805 173252041 153835496 125986097 151304583 139682192 146027608 163623940 168835037 189381450 175352689 185862423 115676369 129151791 167237517 141018893 179499025 118892724 154037881 174068950 195707880 141492649 172496526 154218183 191783542 119685674 165688044 180281088 118279594 113109559 196787822 113315134 174298045 110323368 111532279 167163603 118540116 170648612 111756323 152463345 185895222 137470658 152814203 126404380 170825136 146333145 193675706 133556867 191342245 173732409 163208578 197728866 151817038 193630328 197985188 124353339 112401992 136621338 141591146 187119110 153654174 138855064 165160933 155919193 157608373 144689920 146145903 180893836 121316098 178032343 166958170 148226953 146717727 175952117 155620237 110905891 137915719 141830564 114271570 115840854 186584025 176924281 195855137 197269702 197319210 173231669 131030146 119322347 144612064 121984275 118927912 190074546 182703887 131112193 120958992 185114821 155158408 190924520 155730850 191518288 159672196 181290390 140516891 115410678 152474265 124388225 197274884 141724041 173406199 118128674 156140857 158137898 165973537 186046532 178134251 157723283 159232845 124946582 120287220 143091005 142573066 124192303 137092866 177615019 159106580 140295202 184374203 196124095 134971571 193570541 167779368 132930611 146380820 153147842 139795272 184883631 178317248 159149128 113093485 118210039 164371322 194122329 146596716 185282047 147905928 161650901 157072045 173809005 148767462 111698647 180763472 193099059 182329149 191541732 147360390 192618455 192581180 179552575 194876408 155823738 150955535 173364807 110308456 159832643 146369793 159644510 163808851 168251058 194062904 136762631 186566388 124600141 146240484 178266172 177646124 194614678 163032278 144628422 166358012 138683346 119359704 133418346 115470454 111876590 191287717 161800567 178680859 129518283 178453008 132211231 192647903
942436 904812 924874 965918 907101 967283 974263 915454 936596 984464 957257 918370 907270 959376 931278 947936 984777 992244 913266 900213 911691 900133 934254 934095 963199 991939 928501 914933 967711 906444 948070 980300 953704 929138 992294 916145 917803 961613 965073 947879 953979 991710 948513 923327 929657 989852 938654 963110 953305 958988 977510 930984 932824 950579 957670 984142 984673 942783 914686 991244 995585 946504 944226 922197 989378 975384 921019 910226 970088 907657 958273 904763 944180 996486 965963 957440 946707 907913 984867 988494 971783 934526 997014 946728 955754 926318 978263 924643 930632 931972 977018 929461 954849 968333 903776 906803 903566 962509 978818 978426 941426 922641 934081 917129 908582 910632 920703 922066 932351 983591 929133 915518 953049 913478 926109 937596 955679 948499 914211 918871 994883 902829 909025 974764 978953 957282 919040 976621 968569 933307 910674 940970 962937 956826 904877 977674 936515 981052 969588 953203 991485 976318 983154 941118 939516 902286 925729 961634 928506 927548 918921 992280 990568 964572 941512 981907 917000 972233 993301 980023 922405 987204 950533 911225 913896 988590 981382 986763 956126 904206 962854 971684 994305 971070 916243 955521 920891 992729 919158 978408 915380 976467 951278 928358 914613 992590 901324 906314 909867 993569 923774 989085 925178 998038 931035 948369 974916 983235 962535 905228 999814 996874 925070 927045 959249 935091 908391 911552 937223 979763 946302 995505 950172 966462 988849 962977 915799 928506 960186 958995 975504 988545 919986 987839 990914 977227 959279 975704 926629 985700 912579 983408 931757 917824 982606 940342 980842 970414 969625 925307 974168 997494 950885 910645 981721 970310 978608 950608 982205 960973 916864 982215 930869 972716 907700 924836 969687 908643 956182 950912 993824 972496 944886 989067 942401 907751 976155 946512 990531 922533 997280 978657 956264 956921 994439 917088 989948 966514 966776 961858 912442 913356 904823 905883 987993 935156 991531 914566 996646 979484 958689 986180 957322 949518 911604 902639 944843 961580 918552 927375 914118 922029 923198 991638 997255 951076 947512 947639 940370 976667 928930 950746 982038 953590 966649 959519 939748 933893 910807 926570 914761 993622 978481 935688 965147 921911 990008 950519 928012 903699 964615 929779 950316 908108 989117 937429 921032 990697 996506 902485 996275 927755 999636 998278 935771 990404 931855 998026 952288 914724 969134 951894 981568 931657 959176 905982 973531 908604 928390 940215 901428 953014 906033 901140 983872 997301 970088 964504 913349 950950 967578 938021 948405 946507 961022 959386 920344 987285 923559 936002 957048 958744 925896 948741 998982 968634 964235 995200 993437 913950 924804 903533 901944 901888 928953 976370 989525 961110 986534 989968 910028 918310 976278 987686 915601 949260 909073 948617 908406 944188 919898 965711 993920 952276 983833 901938 964355 928757 990866 948156 945912 937108 914554 923444 946378 944682 983206 988441 962819 963401 984053 969558 924028 944824 965960 916433 903231 971942 906100 935079 974235 959122 951519 966522 915861 923239 944776 996524 990775 938908 905480 958880 915413 957409 941965 947110 928304 956441 998091 920490 906630 918731 908380 958022 907170 907212 921851 904633 948512 953982 928803 999653 944008 959135 944219 939540 934549 905547 969929 913970 983595 959280 923296 923993 904927 940413 961091 936676 967771 989483 973687 993853 997891 908665 941797 922830 978069 923086 975043 907137
341 332 205 2 331 386 92 239 43 470 415 405 221 408 379 70 164 343 474 163 496 296 131 392 107 104 453 317 435 31 108 273 425 117 199 15 116 59 213 243 36 148 138 284 314 142 495 210 434 23 420 281 301 222 336 144 302 293 110 381 313 326 103 198 207 129 372 426 10 312 272 60 307 489 185 196 19 287 413 266 321 217 339 94 159 469 220 126 295 179 454 487 93 338 361 456 257 288 450 462 401 165 79 186 464 430 252 346 374 344 352 123 154 329 153 482 417 480 226 55 37 188 395 497 380 149 493 106 150 443 268 334 323 187 400 366 208 215 232 52 455 178 363 202 459 75 479 228 294 22 473 223 12 25 378 432 263 399 330 114 396 303 236 21 256 365 478 20 371 80 384 209 300 275 233 318 101 390 50 90 358 13 190 368 451 325 27 97 468 292 402 74 410 241 182 340 141 211 152 461 460 416 423 73 87 119 191 201 253 140 298 5 427 84 155 53 299 457 477 436 246 146 194 78 135 277 6 184 356 375 156 385 11 231 373 448 118 33 286 216 316 403 145 229 429 411 64 26 422 398 289 446 247 167 111 278 476 383 81 136 96 102 147 439 166 14 377 72 65 351 76 86 248 180 219 32 51 192 442 370 409 225 324 28 444 342 16 290 492 424 56 42 305 89 389 311 1 71 350 168 486 449 124 348 171 91 46 498 139 472 212 471 67 262 162 404 280 158 265 9 235 41 100 133 227 151 128 170 304 8 0 134 481 279 161 120 359 61 83 441 98 4 494 249 169 269 364 447 276 345 66 112 82 109 176 259 452 160 412 58 175 421 250 173 484 99 282 242 230 270 433 310 291 327 419 465 3 206 121 40 271 95 369 224 105 18 234 357 177 397 130 414 113 393 132 463 333 30 388 475 445 174 319 391 237 157 428 17 306 406 322 264 437 77 335 244 7 57 488 251 349 283 337 491 245 143 62 238 69 35 440 431 48 47 328 354 260 39 382 267 195 499 203 122 63 34 189 127 172 466 394 68 315 49 204 44 362 38 297 355 197 214 54 24 200 115 29 181 485 407 438 308 193 45 483 458 274 218 467 258 255 261 320 88 240 125 490 285 387 353 183 309 347 360 85 367 254 376 418 137
1000
6083 7584 3920 4670 3654 7971 8854 7792 4723 5568 5623 7639 9367 4744 5468 3306 6213 5819 7431 6096 8072 4580 6768 4176 4013 4996 6516 3281 5547 4620 4692 8059 8439 6747 5183 7334 7161 7268 6563 4426 9355 4708 8546 7457 6182 3978 7901 4913 4582 6816 8662 5133 6525 7568 5859 3268 5369 8365 5178 4480 7330 8506 7278 7803 4784 8681 3954 5732 7498 6818 5811 7341 8503 7909 7841 4835 7625 5741 5300 8791 4884 7824 8156 5608 7491 9219 5618 4870 6516 7785 3517 5211 4541 6093 4416 5036 6834 4234 5849 8412 3943 3598 8709 9161 8089 5431 7057 7324 5851 5916 7484 5514 6560 6410 3283 8570 3877 4405 4753 7404 5524 5943 5091 6548 6852 5682 8449 4825 8560 6558 8254 7719 6010 5885 6622 6582 8292 3783 8599 5021 6391 6247 5247 5733 6752 6221 4878 5838 6053 4627 8344 3545 5604 5006 6916 5028 7936 5549 4987 4091 6326 6912 3965 6359 4312 9095 3930 4095 6019 6790 6303 8492 8889 3826 8702 5553 8806 4993 6706 3799 7589 3817 6017 8402 8361 5620 6532 5563 7141 6771 5842 8913 8285 3596 8470 6635 8898 6202 3862 9274 8036 5343 7193 5683 5602 4233 8912 4713 6260 8243 5940 8477 8697 7375 8112 6577 8770 3663 8746 7527 4056 8168 6535 4555 5096 4952 6849 4153 5575 8566 7118 5056 7348 7228 7889 7810 6793 5585 9330 7079 4290 4524 6610 8685 6364 5968 4223 4582 6436 6581 7627 6168 5347 8465 6872 6444 6923 7010 6187 5789 6337 9383 5890 6993 8700 8223 6909 4296 6393 6864 9260 8494 4277 6429 6489 6278 8015 3977 8549 4244 7629 5897 8723 3561 7505 7746 6085 6410 4982 5655 8347 7316 4003 8658 8576 4194 8085 4301 5693 5470 8641 9014 7195 5092 4529 8555 7910 6140 6288 5168 4061 8298 9002 6484 9317 3994 6569 5514 8711 3789 9139 4966 4334 7682 7572 4459 5814 3964 5750 6071 3701 9426 4349 7462 8450 4119 8308 7361 8380 5453 6903 5450 3914 7577 9124 4524 4812 4396 7339 4850 7704 7998 9113 5122 3278 3973 7399 7896 4329 7092 8547 3818 4120 7797 3500 6917 5527 8127 6498 6656 5930 4123 7866 3867 8232 4236 7997 7396 6809 8847 5580 8206 5232 7165 4030 5327 6725 6162 6417 5515 7302 6726 4767 8053 7672 6160 5710 3352 4394 8451 7013 7431 7965 8822 6664 6142 5566 8063 9240 5846 5164 8806 5591 3991 7657 7504 7457 5387 8730 5342 8853 7340 7438 8460 3432 4540 7090 5664 3370 5674 6720 6953 4291 7255 8867 7503 7158 8887 8384 3590 6296 8028 5696 8502 6859 7254 7911 4035 8764 9147 6836 3914 8108 7105 7716 6682 8632 7735 4596 7231 8259 6192 3260 6839 6030 3367 7677 4807 3257 4107 7917 6774 9033 4237 3855 5270 6494 4639 6452 8562 5399 5027 6281 5093 7522 3779 5631 5347 8188 5904 4478 8666 7522 4486 4938 6503 7792 5947 7269 4717 8731 6924 8672 8381 6193 4433 3285 3903 8671 8310 4690 6574 8509 3893 7549 5748 7301 3461 7065 4521 7252 4489 7610 8784 4168 4149 7447 6027 7326 7357 6914 5385 7612 5455 5414 3728 4446 7631 8746 4687 8475 3447 5125 4129 7168 5200 3878 5770 7028 6345 5303 4854 5952 6569 8846 8650 5346 4205 4312 8620 5087 7206 7492 8422 8249 7858 8960 5699 4712 6564 9312 5265 4909 5903 7500 5680 6719 8838 5582 4439 7517 5763 5415 6766 5315 5887 6234 5068 5304 6970 9292 7266 8275 6385 4206 7308 8000 6409 5293 5005 6961 8799 4337 7410 6526 7133 5036 9043 8430 6943 6730 5724 6485 4064 8427 5899 7338 6172 6305 8184 7401 7011 5325 7411 6567 4783 7448 5007 5189 7668 6646 5472 8638 8827 6109 5225 5542 4449 8090 7012 7482 4674 8024 7510 4944 4818 3751 4205 3919 8859 7156 6949 7586 7978 4694 5956 7538 7341 5683 6076 8251 6523 6540 3639 4543 8139 8274 6660 5604 4565 8590 6236 6367 6985 8600 8246 8536 5336 4671 4643 4111 5299 5541 6460 4425 3429 7556 8927 7079 5565 7668 7606 8152 7967 7718 3815 7287 3647 6339 5590 6001 6119 4564 6256 3508 3309 4558 3872 7735 7386 7811 4774 4063 7642 7283 8242 8327 6310 8306 8770 8577 8436 4572 5515 8052 6827 6259 5538 7329 6114 8045 7315 5261 8690 5529 5361 6439 8027 8900 7583 5763 5216 4080 5504 4732 8856 4141 4650 4269 7531 7410 3835 4272 4865 3339 5405 6268 8542 7461 5419 6953 7011 7021 3916 8903 6132 5181 8993 3320 4251 4139 5701 7960 6257 8360 7039 8784 6459 4649 8236 3963 8216 7671 5196 4839 4502 4740 5893 4294 3650 3732 4036 4964 4001 4246 4183 4814 5360 9074 8097 5216 5174 7980 6419 3858 7822 8332 8416 8738 7900 8819 6116 4097 8607 5749 7736 9104 7294 4801 7781 6802 8700 8665 8935 5472 6833 4670 6958 7986 8866 3746 7814 6159 4100 8014 5371 7750 5728 6331 4612 6383 8214 8175 3324 6005 6691 4339 6056 6230 4049 6983 7927 6061 4960 6006 4727 8796 7453 3453 4013 4032 4328 7493 5013 7938 6235 6083 7980 4977 7505 6431 3649 4547 5022 7182 8697 8664 8425 5174 3920 5226 5958 3579 6777 4223 9051 7722 8501 7516 3646 5370 8270 4106 4489 5409 5099 7128 3659 3606 8077 7455 7902 5868 4488 7501 5926 3845 7289 3992 6913 5953 5860 4323 6147 5679 6181 9361 7618 5665 8766 8833 5747 5170 4839 4755 7673 8594 5101 5770 8539 4451 4005 6150 8459 3353 5756 7422 7568 6348 4538 6148 6220 7902 8263 3484 4824 6964 5480 8742 7552 6475 4517 3849 4154 9375 4509 8228 5861 4318 5246 4409 5637 8226 5009 3544 4928 4766 5390 4305 3937 4545 7260 4739 8007 4004 7117 6902 6570 4208 7146 7870 6753 4890 3677 7714 4827 8553 7571 7473 8596 8115 4227 8359 7273 6481 7397 7865 6716 4347 7530
5 3 9 8 10 3 2 3 8 6 6 4 1 9 8 10 5 6 4 6 2 8 4 10 9 8 6 10 6 8 9 3 1 4 7 4 4 4 6 8 1 9 2 3 6 10 2 9 9 4 2 8 6 3 7 10 8 1 8 9 3 1 3 3 9 2 9 7 4 4 7 3 1 3 2 8 3 6 7 2 8 2 2 7 3 1 7 9 5 2 10 8 9 6 8 7 5 9 6 2 10 10 1 1 2 8 4 3 6 6 4 6 5 5 10 2 9 9 8 3 7 6 8 5 4 6 1 9 2 5 3 4 7 6 5 5 2 10 2 8 6 6 8 7 5 5 8 6 6 8 1 10 6 7 4 7 3 7 7 10 6 4 9 5 10 1 9 10 7 5 6 1 1 9 1 7 1 7 5 10 4 10 7 2 1 7 6 6 5 5 7 1 2 10 1 5 1 5 10 1 2 7 4 6 6 9 1 9 6 3 6 1 2 3 2 6 2 10 2 4 10 3 6 8 7 8 4 10 6 2 5 8 3 3 3 3 4 6 1 5 9 8 6 1 5 7 9 8 5 5 4 5 7 2 5 5 4 5 5 6 6 1 7 4 1 2 5 9 6 4 1 1 9 5 5 6 2 10 1 9 3 7 1 10 3 3 6 6 8 6 1 3 9 1 1 10 2 9 7 8 1 1 4 7 9 2 3 6 5 7 10 2 1 6 1 10 6 7 2 10 1 7 9 3 4 8 6 9 7 6 10 1 10 4 2 10 2 4 2 8 4 8 10 4 1 9 9 8 3 9 4 2 1 8 10 10 3 3 9 4 2 9 9 2 10 4 6 3 6 5 7 10 2 10 3 9 2 4 4 2 7 2 8 4 10 8 5 5 6 6 4 4 8 3 3 5 7 10 8 2 5 3 2 1 4 5 7 2 1 6 7 2 6 10 4 4 4 8 1 8 2 4 3 2 10 9 4 7 10 6 4 4 10 4 1 3 4 1 2 10 6 3 7 2 5 3 2 9 2 1 5 9 2 4 3 5 1 3 9 4 2 6 10 5 6 10 4 9 10 9 3 5 1 9 9 7 6 9 5 2 8 8 5 7 3 10 6 8 3 6 8 2 4 9 8 6 2 6 4 8 2 5 2 2 5 9 10 9 2 2 8 5 1 10 3 7 4 10 5 9 3 8 4 1 10 10 3 6 4 4 5 7 3 8 7 10 8 4 1 9 1 10 7 9 5 7 9 6 5 6 7 9 6 5 2 2 7 9 9 1 8 3 3 2 2 3 1 6 8 6 1 7 9 7 4 7 5 1 6 9 3 7 7 4 7 7 6 7 8 5 1 4 2 6 10 4 3 5 8 7 5 1 10 4 6 5 8 1 2 4 4 7 5 10 2 7 3 5 5 3 3 5 7 4 5 8 3 8 8 4 5 8 2 2 6 7 6 8 3 4 4 9 3 4 8 8 10 10 10 2 4 5 4 3 9 7 3 4 7 6 3 5 6 10 8 3 3 4 7 8 2 5 6 5 2 2 1 7 9 9 9 8 7 5 8 10 4 1 4 6 3 4 2 3 3 9 3 10 5 7 7 6 9 6 10 10 9 10 4 3 2 9 10 4 3 2 2 5 2 1 2 2 8 7 3 5 5 7 4 5 3 3 7 2 6 8 5 2 1 3 6 8 9 7 9 2 9 8 9 4 3 10 9 9 10 7 5 2 3 7 5 4 4 9 1 5 8 1 10 10 9 6 3 6 1 5 2 5 8 2 10 2 4 7 9 9 8 6 10 10 10 9 8 9 9 9 8 8 1 2 7 7 3 6 9 2 2 2 2 2 1 6 9 2 6 4 1 4 9 3 4 2 1 1 7 5 9 4 2 1 10 2 6 10 2 7 3 7 6 8 5 3 2 10 7 4 9 6 5 10 5 3 6 8 7 8 1 3 10 10 9 10 4 7 3 5 6 2 8 4 6 10 8 7 4 1 2 2 8 10 7 7 10 4 10 1 4 1 4 10 7 2 9 9 8 7 4 10 10 2 4 3 7 8 4 6 10 3 9 4 7 7 9 6 7 5 1 4 7 2 2 6 7 8 9 4 1 7 7 1 9 9 6 1 10 6 4 4 6 8 6 6 2 2 10 8 5 7 2 4 6 9 9 10 1 8 2 6 10 7 8 7 2 7 10 8 9 7 9 9 8 4 8 3 10 5 4 5 9 5 2 5 8 10 3 8 1 4 4 1 2 9 2 4 6 4 2 4 10 4
993 650 899 730 626 304 15 462 681 946 891 90 61 153 12 948 867 712 280 463 719 808 877 156 810 438 85 971 965 773 203 223 900 897 775 369 519 428 44 957 73 188 295 762 388 337 874 2 303 830 189 317 77 664 168 984 99 972 273 395 880 835 931 453 118 171 866 284 219 828 213 869 838 360 933 580 611 781 671 72 535 950 643 397 733 196 387 42 593 987 748 242 339 466 966 913 311 612 685 416 370 676 654 247 702 45 614 886 683 624 231 996 552 689 969 271 942 460 655 809 469 601 353 563 798 834 890 81 281 554 47 18 32 653 498 532 518 509 244 417 199 331 212 283 383 859 540 695 501 766 992 725 910 943 742 921 336 449 961 233 257 744 855 735 35 310 889 230 23 349 278 849 492 990 661 445 565 955 425 496 136 480 25 424 976 385 71 951 31 367 184 470 525 678 870 487 484 878 441 144 749 632 493 833 912 613 471 183 320 56 603 863 155 836 682 30 89 617 112 193 265 124 68 831 854 475 801 178 939 275 51 384 862 979 377 448 853 929 93 86 561 861 0 675 731 70 622 806 666 533 101 911 628 368 274 659 736 148 892 740 246 48 139 673 662 582 240 556 197 788 157 847 573 672 616 302 768 338 796 604 608 134 641 710 721 503 473 181 450 860 989 893 820 700 772 140 706 551 322 10 715 381 491 858 350 286 359 426 797 789 262 514 393 113 106 325 38 478 142 505 267 981 521 559 150 925 717 856 266 486 584 9 1 251 380 210 506 344 443 24 752 27 396 146 282 355 91 986 871 59 33 784 293 327 974 342 814 372 526 583 294 997 716 975 764 741 985 160 100 467 103 207 908 437 66 610 785 314 837 20 422 598 225 516 291 137 409 917 175 995 398 918 642 228 568 919 305 902 988 379 145 786 813 550 978 937 434 727 176 688 792 58 923 328 75 215 256 84 635 125 16 363 779 373 824 340 585 346 885 842 924 708 53 439 510 722 522 494 440 684 285 250 319 335 287 954 864 791 94 261 309 905 686 570 528 446 723 512 290 459 548 378 991 306 520 888 57 96 994 728 352 364 365 609 963 698 104 249 652 279 74 411 802 857 704 513 884 120 105 636 906 185 198 389 489 95 980 597 427 687 126 227 179 442 887 436 967 916 180 504 711 539 832 415 680 268 399 799 98 358 956 895 117 586 164 182 771 523 376 347 235 594 623 22 567 558 938 97 619 208 865 811 826 707 7 760 941 755 133 239 669 55 592 544 21 200 629 639 541 734 357 998 732 408 557 407 431 819 692 43 111 701 6 128 217 332 414 536 932 432 709 255 566 879 658 141 341 882 158 186 129 430 534 205 130 392 276 690 169 944 194 571 13 300 76 39 404 356 400 718 914 292 620 259 403 132 872 907 782 109 812 147 649 299 546 627 770 429 263 65 476 8 211 40 452 739 970 935 195 656 232 218 254 209 483 596 537 131 391 11 524 206 138 297 201 80 691 362 330 481 49 587 63 640 843 149 28 982 401 822 253 845 220 172 243 560 807 638 221 245 724 163 455 644 958 827 166 458 595 949 572 121 647 308 527 999 922 633 751 413 41 444 321 324 757 945 326 433 5 825 962 127 260 87 926 564 490 777 507 599 264 394 816 477 229 318 823 457 374 964 234 894 705 162 983 107 663 758 482 651 761 238 750 488 165 14 697 746 581 190 803 464 578 46 915 575 815 298 759 562 202 657 648 903 479 947 270 402 934 88 699 817 315 323 977 123 78 645 747 569 351 589 62 763 69 375 667 646 50 630 555 790 465 821 602 660 600 108 329 696 745 783 296 173 960 952 485 412 119 875 553 447 737 237 774 4 301 406 102 472 844 152 693 451 515 312 222 703 795 511 542 959 410 226 769 606 500 288 252 780 713 82 625 930 37 953 517 499 851 272 174 343 495 468 36 677 574 765 805 307 794 19 224 936 334 846 474 800 454 214 161 631 839 927 502 665 187 405 277 390 738 79 694 868 114 348 17 840 204 634 607 538 729 386 64 852 549 621 670 714 258 366 159 896 216 615 456 920 829 743 83 167 531 420 333 898 67 110 345 92 34 776 787 576 143 60 756 850 248 804 421 818 418 881 901 767 289 154 236 848 419 354 873 545 778 591 192 508 115 170 122 361 968 177 54 876 577 674 29 720 973 371 579 940 726 497 135 590 547 883 841 435 668 269 316 52 753 543 637 26 904 382 529 605 530 588 793 151 241 754 679 618 461 423 116 313 909 928 3 191
1000
9946596 9899201 9837463 9830071 9897429 9752563 9754959 9849497 9815149 9947379 9969130 9882607 9765428 9860232 9917361 9799617 9782711 9859187 9864924 9867596 9767778 9817498 9827608 9825102 9902228 9937617 9840033 9804681 9927085 9940056 9944328 9841808 9902264 9922263 9782276 9777033 9902612 9769403 9765322 9772418 9911770 9891814 9797012 9805333 9757592 9857133 9749753 9760102 9894200 9887419 9896668 9819621 9947385 9906646 9919787 9969513 9926953 9869854 9912560 9839672 9882146 9834821 9834975 9947083 9929806 9934238 9782736 9949750 9974006 9802590 9964206 9814687 9959494 9824816 9814484 9914990 9750128 9816816 9972216 9875169 9945093 9884207 9750054 9952268 9867538 9856908 9789360 9774368 9961922 9954333 9901662 9844371 9861833 9770030 9777502 9811811 9852159 9849254 9785336 9802865 9896822 9889154 9757297 9944206 9856898 9947286 9971633 9789717 9889449 9762924 9852388 9879397 9811955 9760417 9931709 9975044 9762294 9784781 9959251 9936780 9936651 9785233 9947152 9906764 9971828 9812190 9857179 9757393 9867124 9754873 9877505 9790408 9919681 9857008 9809836 9794777 9887218 9809713 9841848 9822599 9807066 9861841 9781951 9782078 9894908 9767759 9969695 9849562 9802285 9924860 9954364 9749834 9799896 9947372 9847089 9952016 9860124 9934907 9894473 9902467 9891619 9964085 9959226 9776993 9909946 9802790 9752058 9892314 9792260 9926654 9841825 9931825 9852528 9779362 9782817 9807811 9962305 9949360 9807695 9892553 9920157 9897469 9825315 9844484 9859928 9887263 9872279 9814906 9804938 9901750 9834764 9757948 9814970 9847214 9940011 9857723 9856847 9749406 9947403 9852655 9959903 9877272 9887038 9841718 9902598 9792704 9904902 9967062 9849602 9750097 9842014 9835136 9782516 9839341 9865113 9892077 9825199 9899743 9962191 9937211 9959805 9890180 9924195 9850091 9821986 9784626 9909848 9939614 9847706 9794870 9974727 9825301 9889637 9954361 9770253 9882417 9861909 9840243 9859717 9884665 9774594 9844236 9866954 9821813 9807840 9912204 9782875 9914897 9765282 9844829 9837503 9879625 9944059 9926592 9964160 9792833 9877124 9805273 9824637 9832650 9762035 9914888 9929811 9912619 9939239 9939889 9902685 9789776 9936604 9877725 9777302 9939386 9772655 9819519 9929215 9894142 9840175 9802634 9797157 9892289 9792134 9869341 9809624 9829357 9936764 9767654 9901987 9874842 9967214 9864299 9760042 9862497 9949979 9782140 9914796 9952177 9885138 9969437 9775233 9836898 9832393 9894451 9862199 9805182 9827831 9896887 9779512 9777679 9872210 9812551 9894445 9789874 9954943 9972418 9859421 9890108 9939287 9901623 9839424 9926988 9966486 9937067 9792619 9961830 9862270 9955024 9780262 9769503 9937012 9891714 9897222 9877501 9914377 9916966 9927176 9817499 9772462 9899252 9772737 9831944 9859709 9851919 9774780 9909272 9974335 9750131 9901858 9959407 9959326 9911991 9792579 9800195 9864392 9765037 9932148 9902365 9847126 9964812 9961715 9891991 9797584 9854805 9897679 9967239 9792042 9869824 9967422 9921612 9857715 9912378 9919984 9850086 9817269 9790043 9837792 9854874 9842144 9787313 9889721 9815234 9906988 9805390 9932464 9937553 9940097 9959939 9849614 9762607 9862273 9899285 9900056 9827529 9904496 9847602 9777370 9974715 9881870 9784497 9854739 9812441 9834558 9867424 9759938 9821850 9932092 9892344 9755105 9879173 9899722 9847804 9871786 9890117 9824685 9944654 9971811 9897650 9902211 9805225 9917501 9974670 9882560 9932094 9947161 9794404 9767793 9844313 9929354 9822366 9764623 9952262 9897257 9762600 9851710 9827075 9811928 9834456 9867473 9952190 9916780 9897009 9894578 9772140 9804672 9826810 9947085 9787147 9922157 9967143 9974966 9916665 9780187 9919637 9797544 9962117 9824909 9752686 9812256 9837148 9831824 9757917 9764897 9824850 9956556 9767672 9874430 9919449 9829332 9931746 9841969 9817649 9780185 9817204 9921850 9909625 9959024 9774774 9814435 9789586 9929522 9759880 9911984 9924578 9862371 9969367 9875028 9799732 9769863 9912148 9777406 9886970 9802060 9951504 9960000 9825171 9797323 9824370 9889583 9754691 9780382 9840041 9799484 9894967 9869262 9956747 9909903 9800311 9879629 9865255 9750104 9904106 9775363 9859246 9804422 9820285 9892474 9826768 9820199 9815076 9907257 9889396 9834683 9944030 9971609 9862223 9964089 9822191 9767571 9777074 9909104 9931850 9959640 9814574 9766949 9851709 9850133 9755449 9769434 9959238 9762577 9841918 9967115 9842656 9767799 9787840 9871805 9779392 9919610 9857095 9799301 9897209 9959550 9944578 9752466 9872365 9962311 9931673 9849493 9941575 9814410 9792084 9974345 9749522 9859506 9954001 9954040 9849305 9777486 9771868 9890174 9907205 9946877 9961953 9819580 9939189 9832520 9767468 9877012 9784338 9854527 9916672 9846710 9882649 9754700 9965057 9897285 9834901 9969281 9929071 9954369 9784375 9779958 9827258 9797646 9961505 9872157 9932107 9909463 9959021 9969178 9837057 9859235 9794897 9755073 9949918 9891980 9877552 9767029 9782783 9784476 9889596 9754662 9916695 9755134 9812797 9902453 9804338 9892108 9832471 9817393 9757136 9750290 9802023 9856819 9972212 9807866 9959117 9757003 9844569 9871932 9924726 9969243 9750439 9807368 9969663 9881941 9967150 9954088 9842563 9762626 9941813 9765356 9762335 9921667 9899830 9907547 9901734 9827099 9772568 9779814 9780180 9869397 9822839 9912584 9770367 9822160 9825311 9872454 9840036 9935023 9810349 9901879 9964821 9872624 9964954 9754957 9936986 9962222 9944201 9874546 9820317 9912240 9959791 9814651 9764615 9887265 9832014 9841964 9800120 9765338 9780194 9894947 9774454 9966975 9966511 9910173 9767309 9810227 9974855 9751932 9816837 9770292 9805080 9945072 9889428 9902079 9891783 9857372 9786950 9756953 9959116 9847692 9866779 9780344 9849905 9855077 9759422 9907086 9819725 9914229 9904291 9934685 9892201 9861692 9971533 9767203 9961974 9939284 9927490 9969246 9750175 9799823 9956816 9837468 9935094 9909703 9882197 9754650 9904682 9972413 9909610 9817593 9959327 9942442 9887606 9862352 9911822 9800398 9799750 9944824 9817707 9874581 9889158 9932161 9922296 9877363 9896718 9807316 9972429 9909350 9875171 9749650 9951865 9830041 9767906 9785183 9831764 9904928 9787858 9752204 9884340 9914361 9924131 9832491 9881887 9966492 9941757 9832689 9810180 9850190 9859262 9952470 9789826 9759990 9924089 9869795 9959338 9902332 9934981 9799934 9777239 9944490 9796878 9880066 9757941 9790041 9867314 9864987 9889726 9779689 9919974 9807702 9961946 9937113 9785102 9762760 9782290 9759577 9767931 9894129 9842576 9875005 9914565 9972479 9969137 9800171 9754590 9966524 9824834 9869711 9782255 9890093 9815275 9787907 9811957 9920132 9754906 9905070 9916987 9904582 9929693 9807087 9796929 9819431 9954052 9944020 9929486 9949904 9914176 9844337 9802314 9954641 9904390 9750429 9941941 9897673 9924243 9777225 9949724 9842083 9877616 9765123 9819935 9919254 9905100 9867411 9927456 9924197 9772248 9879749 9934576 9782246 9969046 9956510 9785280 9874230 9762148 9919925 9830156 9817574 9901730 9864503 9757371 9915072 9931935 9795107 9792157 9952465 9757284 9834844 9899597 9817026 9892159 9777317 9904508 9867093 9924980 9837814 9806929 9894755 9884584 9924819 9801984 9901833 9802578 9942080 9814545 9909866 9807876 9819409 9929246 9784617 9767802 9900046 9925085 9852320 9916916 9961915 9752100 9767417 9832069 9762538 9901671 9792893 9964609 9909769 9957197 9969775 9936608 9812165 9812311 9757351 9879488 9787041 9824791 9844648 9870136 9795271 9942224 9812773 9907577 9782373 9854702 9822543 9814518 9927018 9805336 9919634 9832487 9810067 9929125 9964078 9824586 9837251 9865066 9894185 9892085 9874955 9804854 9950048 9790139 9775421 9909692 9884469 9759900 9874261 9964348 9784487 9894956 9797637 9884820 9847447 9904848 9876821 9959429 9921895 9769580 9829423 9954146 9755240 9861803 9864547 9749858 9804601 9799833 9946558 9847403 9929630 9924738 9782802 9902671 9759755 9792284 9772950 9901691 9972092 9762906 9759956 9780051 9973962 9862376 9849387 9889988 9959888 9902424 9900019 9917002 9824911 9941903 9800175 9749989 9879291 9749541 9834769 9854392 9962255 9960059 9822517 9869454 9874462 9872410
21 40 65 68 41 99 98 60 74 21 12 47 94 56 33 80 87 56 54 53 93 73 69 70 39 25 64 78 29 24 22 63 39 31 87 89 39 92 94 91 35 43 81 78 97 57 100 96 42 45 41 72 21 37 32 12 29 52 35 64 47 66 66 21 28 26 87 20 10 79 14 74 16 70 74 34 100 73 11 50 22 46 100 19 53 57 84 90 15 18 39 62 55 92 89 75 59 60 86 79 41 44 97 22 57 21 11 84 44 95 59 48 75 96 27 10 95 86 16 25 25 86 21 37 11 75 57 97 53 98 49 84 32 57 76 82 45 76 63 71 77 55 87 87 42 93 12 60 79 30 18 100 80 21 61 19 56 26 42 39 43 14 16 89 36 79 99 43 83 29 63 27 59 88 87 77 15 20 77 43 32 41 70 62 56 45 51 74 78 39 66 97 74 61 24 57 57 100 21 59 16 49 45 63 39 83 38 13 60 100 63 66 87 64 54 43 70 40 15 25 16 44 30 60 71 86 36 24 61 82 10 70 44 18 92 47 55 64 56 46 90 62 53 71 77 35 87 34 94 62 65 48 22 29 14 83 49 78 70 67 95 34 28 35 24 24 39 84 25 49 89 24 91 72 28 42 64 79 81 43 83 52 76 68 25 93 39 50 13 54 96 55 20 87 34 19 46 12 90 65 67 42 55 78 69 41 88 89 51 75 42 84 18 11 56 44 24 39 64 29 13 25 83 15 55 18 88 92 25 43 41 49 34 33 29 73 91 40 91 67 56 59 90 36 10 100 39 16 16 35 83 80 54 94 27 39 61 14 15 43 81 58 41 13 83 52 13 31 57 35 32 60 73 84 65 58 63 85 44 74 37 78 27 25 24 16 60 95 55 40 40 69 38 61 89 10 47 86 58 75 66 53 96 71 27 43 98 48 40 61 51 44 70 22 11 41 39 78 33 10 47 27 21 82 93 62 28 71 94 19 41 95 59 69 75 66 53 19 33 41 42 91 78 69 21 85 31 13 10 33 88 32 81 15 70 99 75 65 67 97 94 70 17 93 50 32 68 27 63 73 88 73 31 36 16 90 74 84 28 96 35 30 55 12 50 80 92 35 89 45 79 19 16 70 81 70 44 98 88 64 80 42 52 17 36 80 48 54 100 38 90 56 78 72 43 69 72 74 37 44 66 22 11 55 14 71 93 89 36 27 16 74 93 59 60 98 92 16 95 63 13 63 93 85 51 88 32 57 80 41 16 22 99 51 15 27 60 23 74 83 10 100 56 18 18 60 89 91 44 37 21 15 72 24 67 93 49 86 58 33 61 47 98 14 41 66 12 28 18 86 88 69 81 15 51 27 36 16 12 65 56 82 98 20 43 49 93 87 86 44 98 33 98 75 39 78 43 67 73 97 100 79 57 11 77 16 97 62 51 30 12 100 77 12 47 13 18 63 95 23 94 95 31 40 37 39 69 91 88 88 52 71 35 92 71 70 51 64 26 76 39 14 51 14 98 25 15 22 50 72 35 16 74 94 45 67 63 80 94 88 42 90 13 13 36 93 76 10 99 73 92 78 22 44 39 43 57 85 97 16 61 53 88 60 58 96 37 72 34 38 26 43 55 11 93 15 24 29 12 100 80 17 65 26 36 47 98 38 11 36 73 16 23 45 55 35 80 80 22 73 50 44 27 31 49 41 77 11 36 50 100 19 68 93 86 67 38 85 99 46 34 30 67 47 13 23 67 76 60 56 19 84 96 30 52 16 39 26 80 89 22 81 48 97 84 53 54 44 88 32 77 15 25 86 95 87 96 93 42 63 50 34 11 12 80 98 13 70 52 87 44 74 85 75 32 98 38 33 38 28 77 81 72 18 22 28 20 34 62 79 18 38 100 23 41 30 89 20 63 49 94 72 32 38 53 29 30 91 48 26 87 12 17 86 50 95 32 68 73 39 54 97 34 27 82 83 19 97 66 40 73 43 89 38 53 30 65 77 42 46 30 79 39 79 23 74 36 77 72 28 86 93 40 30 59 33 15 99 93 67 95 39 83 14 36 17 12 25 75 75 97 48 85 70 62 52 82 23 75 37 87 58 71 74 29 78 32 67 76 28 14 70 65 54 42 43 50 78 20 84 90 36 46 96 50 14 86 42 81 46 61 38 49 16 31 92 68 18 98 55 54 100 78 80 21 61 28 30 87 39 96 83 91 39 11 95 96 88 10 55 60 44 16 39 40 33 70 23 80 100 48 100 66 58 15 16 71 52 50 51
916 907 327 241 247 391 479 726 198 203 840 113 39 44 274 709 201 994 312 151 169 332 213 223 425 7 258 643 506 58 708 914 390 354 595 823 76 959 131 485 816 813 805 51 355 589 677 343 917 276 939 670 197 941 338 495 627 368 102 585 532 462 321 471 302 804 179 316 946 275 782 618 529 482 799 162 337 951 306 74 16 928 405 295 204 791 962 983 590 686 936 849 852 389 402 966 573 948 86 27 796 967 623 815 800 287 832 637 700 46 369 762 830 57 836 5 616 586 749 763 883 178 412 831 660 620 545 535 578 555 215 11 435 703 492 570 460 603 876 230 740 844 892 775 272 185 330 669 548 261 659 602 457 209 649 523 139 200 668 205 997 893 772 862 210 94 847 363 592 899 898 732 239 979 105 67 242 671 172 144 3 212 32 746 318 420 432 422 411 855 512 34 362 534 97 56 848 995 181 123 159 429 622 998 89 190 259 456 633 365 724 175 380 887 140 575 134 415 347 375 246 37 865 188 785 727 300 459 91 488 291 45 527 662 186 286 784 70 509 511 774 975 733 944 42 427 54 245 170 437 290 553 953 955 821 75 559 104 647 167 850 253 297 50 794 207 9 581 926 19 580 666 270 760 835 969 128 234 678 386 707 829 685 891 779 279 642 370 317 880 397 249 108 719 339 379 84 561 195 837 401 688 521 187 13 739 838 238 493 292 694 494 130 120 777 99 752 973 808 594 980 504 267 675 458 60 160 867 551 909 439 219 717 634 426 331 448 858 196 803 516 790 606 819 648 334 756 609 683 619 304 184 792 392 443 298 614 231 778 657 289 441 24 294 788 395 126 945 64 268 158 192 537 342 30 377 607 550 453 119 632 0 153 66 22 124 621 333 455 825 127 284 629 182 520 303 783 843 499 393 701 307 490 912 491 336 348 968 434 1 878 93 601 414 674 49 440 147 146 345 157 489 403 913 154 905 711 445 765 301 407 340 986 699 857 789 263 367 798 631 569 736 651 938 470 704 452 382 77 908 227 472 326 416 400 277 557 612 918 62 518 454 934 264 741 645 915 801 764 194 229 597 728 502 958 611 845 753 556 541 626 517 366 628 199 604 538 475 487 684 754 992 73 161 526 888 574 722 52 250 826 218 906 757 248 81 549 14 358 985 80 937 877 68 216 978 143 265 387 744 584 981 856 500 889 600 356 786 977 710 399 720 921 987 149 38 931 761 360 809 409 142 148 78 860 950 498 625 999 450 478 480 477 352 237 871 730 942 869 751 639 886 702 990 952 903 417 988 43 436 661 560 706 841 283 451 665 993 692 901 996 79 714 12 381 388 705 970 654 957 438 530 232 971 539 476 650 961 795 697 947 466 378 164 667 174 846 135 864 562 748 879 322 71 217 954 546 329 428 767 189 787 875 309 18 872 890 672 743 384 738 55 469 359 718 376 910 226 315 725 101 577 896 335 121 870 676 349 563 233 781 15 83 85 630 36 271 255 95 28 737 224 116 103 481 576 319 820 638 40 394 260 652 773 418 742 769 251 117 221 236 904 533 956 6 593 136 176 965 933 150 278 35 716 554 842 374 884 935 873 100 894 88 357 191 960 540 572 851 811 404 467 984 927 691 542 755 138 735 293 522 698 323 33 433 486 759 461 125 515 244 682 155 106 383 771 2 587 257 141 605 964 430 325 346 895 514 111 750 72 768 663 269 53 222 972 235 61 715 802 731 924 310 766 974 776 129 180 98 923 110 536 446 963 423 673 328 132 424 640 558 932 156 41 344 410 254 449 680 168 165 566 465 296 193 582 814 31 982 214 220 544 69 833 206 812 943 468 497 615 112 87 17 828 25 528 107 613 547 406 721 885 839 940 991 591 177 902 882 525 408 723 65 610 29 818 653 341 664 114 313 385 817 82 320 171 863 641 447 501 624 919 976 133 925 747 211 166 262 874 696 552 90 635 273 687 115 636 442 543 758 503 565 617 608 152 10 866 413 583 299 822 780 285 483 745 282 8 861 806 734 145 137 59 431 679 596 807 496 695 396 929 21 419 372 350 256 922 644 510 571 681 797 505 598 109 122 353 92 96 508 531 280 770 564 48 474 314 281 920 900 693 519 183 930 567 266 484 47 252 26 444 690 524 897 655 853 228 240 371 324 308 834 588 689 793 827 854 225 881 656 579 713 513 949 364 463 373 118 23 658 568 4 911 421 63 473 351 989 361 824 208 173 243 163 599 398 646 202 464 859 868 507 810 288 20 305 729 712 311
1000
491626474 459467542 477217906 460879731 447226313 451115891 460496276 444872028 475621288 473647557 455491124 489713258 441262272 444867827 465522851 492759685 477035863 458338712 469764357 492210636 463312068 474662207 462901706 471558053 454396096 488324894 450894014 450047232 452970439 484947204 458101247 475074870 450094477 493283900 488694506 450813534 463526119 477622628 464143148 481526940 476703502 451969057 448391554 457452498 472759686 478498429 477887530 495499340 455184039 463051756 495809618 481584171 441107467 453724951 441843513 444473022 458260936 447900463 481014273 459859948 444374329 452280493 461139244 478639410 468225936 453610137 468478992 456640780 461925228 447119960 469408986 450065581 495677234 442746452 481544484 488674510 491199389 448289324 446033384 470913292 470897903 490725303 442128678 471047687 449021811 450674930 449934304 480290314 467194386 448433459 474162071 458347017 474827060 485541636 477439439 487227584 474907271 471586655 468334766 445960154 447835018 462324968 473896048 487895462 467327199 454628690 494472451 444583917 488582076 464861340 454614088 487043522 442375196 472263570 444750212 467650351 470718132 459165941 474193366 488552488 461155599 465741975 476084065 478051285 461177440 470201355 442698143 470395381 463612757 477577467 454403598 442272355 459126875 441550593 466803334 475126193 440113462 485643489 490467003 451423792 476812579 471734440 442494030 455841912 489720601 448414750 489062504 495284133 449021389 464472749 473292572 472077631 466056751 495609459 494927415 465030306 487959268 446085095 449570242 492823364 493208904 451943505 467354879 450414041 474594309 453349078 488905450 494792111 462469491 477118947 489650963 448047508 462768496 486611907 490145345 475471681 488532648 487795372 442649862 470611965 478256287 479059098 495959162 481736535 461493061 487113607 494535711 482869452 445523440 465162224 473707938 462569784 477920537 441462675 492949557 447716987 472801159 457812671 478520688 465437056 486678993 444970925 482008205 451737626 465196034 452902121 486882976 471649719 484715207 487157484 459209566 443882561 488652278 459423186 441015036 470641092 467004665 455028297 482384693 486162886 451372735 442073781 454808891 446381035 480774767 453037672 462366404 460507260 465712960 466014537 493484847 453203218 451205285 469889213 442812243 456999846 440177240 466636840 459353063 467616635 440692815 477350709 474295982 468783228 446702205 485883294 452778490 483277556 444711040 461143612 472544405 484609878 447438648 448142559 482297349 475079442 469689508 476407648 454710286 469681964 447858893 448259418 490410886 481095181 465516193 451296932 443529248 466130598 476137691 447970072 472366985 476391742 451544783 476006848 473997836 468379291 462494685 481901831 471645119 472925149 482313463 464960605 476415116 465344771 442383988 443310298 448199075 479702634 453802296 471780894 447324618 448665692 485733855 476117409 458358828 495345203 461119063 480213570 459079833 492689110 481832972 481425123 440030797 453544547 485080287 488715788 492172176 442722782 472311666 459834410 456255084 468339195 480156967 440151293 476473427 444107434 454841944 451782911 464573642 445837598 457313311 467579078 459951855 491190778 442344563 487077288 470084386 472473301 466976573 444148671 481716694 447939942 490037307 471012532 459237914 461492571 455983225 483685150 467338029 477377779 440392825 467617570 477924980 454504596 454060958 448310922 473279887 456113119 494020319 491238927 486785317 452431801 491555412 457771221 450936285 455058706 455220766 459713723 463266966 473327949 495203641 446768505 479822791 460931430 472887540 494360356 446568670 453684060 487401872 444286418 445149419 494626741 481036378 493594327 474923747 456194058 472215407 495029122 480731446 449118577 455172489 494357246 486465086 451287884 441531721 472978115 443968659 490434522 449006992 485106620 468867203 478418639 488919857 443258928 446185513 466074587 446759006 473082914 463430711 467214828 489758717 458893324 457786213 457127893 447922915 483467522 467632466 464196579 456463051 491237136 479994126 447012534 458932939 451620465 444403613 456601110 493447133 450795527 465939121 447539604 474485437 459347411 453821829 490580337 477176343 448232837 484657270 467366330 482508167 484227162 488852892 444861912 449414159 487442149 443460545 472730392 440646109 479294554 473064863 474938464 488510318 484157449 491904928 490019609 483226873 445040763 472701025 468182302 495093985 457967504 476690200 474684463 456246027 494371234 467783734 484830104 472584722 456520758 488939955 467360133 460056455 470087562 491520313 463232618 470604775 489372547 483575638 465483587 451095990 459784414 457725060 463053223 454012905 471359325 494642627 452641348 488005118 475633640 475337636 467488453 483229576 492985769 453130201 485040376 454745478 479253233 493155691 444307805 459001050 470680776 460308262 460367421 469917336 472017102 455373052 468446232 450881000 465759601 466982264 453496166 461346774 457724575 481076929 457565120 457279029 490910662 458018341 476010559 484771025 466107940 492044800 468613541 465486460 494981179 483302449 468496211 495704295 466983524 482840597 492153160 451435418 475878534 489022592 467873680 454922887 479208226 444441575 483258603 475138202 492544214 462159710 491650056 465198305 461175374 488246636 459992135 473613563 471447419 493896128 445676941 475562271 487807661 450230238 492885750 442442954 483752578 478783941 447100403 468827823 443315584 447528701 472296242 493532543 472599770 452672529 468589894 480429819 494438777 485395358 464064751 491665123 477413194 485001389 475183459 479067076 443621544 445359612 441727298 449233802 478641843 452276720 491657693 458126607 444932682 449352485 453219503 463265908 444792176 477050187 471227365 476522374 468455596 457251323 449131084 476616530 451979145 479091771 470990875 484008429 453901916 492192760 488493408 486803990 464285687 442096716 446058662 477354599 493318316 445174920 444933442 456991706 463153037 450781963 468295097 442216583 489931979 483090647 462441374 493909561 470317605 440947381 461156654 447744080 448040438 455522249 479035548 448885624 455240420 443869669 470922406 480023504 459826331 467562193 441764450 443947294 442394746 465442912 455664152 474453115 463901180 462277143 483997650 480575400 457433590 451857994 449561226 489516078 479573659 449770137 472361034 470715246 471228369 469894729 466979118 462390792 450234320 494911794 483538532 494900936 493548660 447458283 480689471 442230820 468594262 483779102 455141941 443572362 486765889 469629501 485009624 487031622 461355703 466752287 458485272 488429455 471125619 483355666 472784566 477957450 469319534 485073556 470035142 462244343 476636266 448218971 482779347 449985001 441149578 461411078 458022778 447024763 465885525 476296971 493044185 479645250 467632202 488048666 455063281 478839539 456129237 455626676 479183257 446118755 483329168 460887154 481750825 454626535 469608926 463654771 443868586 460471689 442234557 474867816 443604068 465475364 487745448 492987156 451331124 459755877 448778129 472398914 480834747 457318779 458319253 446030246 446152194 460255299 495851223 475582414 448831287 454077785 458330389 442645649 447442575 480546002 492310160 469916525 473117363 456083003 459546856 443551751 484733253 488399598 464705742 450951782 446860532 477384946 467391057 448034333 454367217 490099128 470103067 471612372 477342143 494049349 447963224 488644107 469699844 457827982 482260607 449737396 490676190 472717940 455521921 464556694 467257446 452250077 482069077 443487603 458469739 470716534 477589361 446823839 472578149 478612133 495060736 459009424 487013907 474505499 458185027 466751732 467931148 477297577 466409528 451944336 495950844 491229363 447934609 492878364 452470235 444878798 475593805 495389961 461181170 447262305 473930664 486145540 479050394 479278209 465015556 493498108 481442480 447643093 465698440 462571193 455231481 445238096 462373031 461774471 473455602 490512788 473083097 483785717 491171799 474495802 478859815 480483679 491593132 474817850 481654930 442698938 451023676 459542402 470131959 467148304 444606224 449897205 471103964 440966883 480537445 457024091 471427840 461296108 480374795 487134318 442992426 495936475 443017281 448167552 462550587 474292922 485290119 485666717 476343367 447597506 487021479 443484524 475297663 447545489 455016617 487800372 455676569 479040110 487675712 473274027 451648508 476066810 485059521 493919466 466526262 460414678 492944882 452936155 461123581 461123537 478318355 476658209 484489690 440841172 445940568 462446446 454852275 451002240 444897470 474976145 477956355 455958175 451105511 481943749 493946472 485153421 468253637 481774697 483266370 483010429 452007555 458415297 443051006 495157333 481553419 466140561 476204201 458716213 471527493 463341819 463724365 460723415 452271310 459793849 466650824 460962104 477691712 492925633 481505219 470240066 449466093 458372976 485797272 494380270 444669945 489351764 480522101 440110033 462953019 482938789 485767091 479792114 487929513 452814854 442969946 445174496 440318454 448434149 480238205 494652514 470151740 482323274 493488145 443552674 476817758 475591077 472072536 481549553 440604893 455372152 460119917 493830688 495245508 488059135 448514944 488197701 459871060 492307473 475090197 468790254 450881229 462789034 494761350 492126393 484262489 464295111 492046951 474139574 453644775 440682145 448843385 494259261 465950568 477442609 449514280 488980550 473795858 446217806 463882679 448363186 471060439 444424124 490018456 484839511 491733642 465028401 477041455 492847138 486155297 488677711 449575024 462436468 472499395 454682820 467548817 492103256 454088012 443378161 483600415 476518051 455083707 449907202 472930536 489366018 469794183 492188168 454982639 482977917 446918688 489248542 489839660 460436590 474365155 487284651 464389100 476817365 482630790 467640738 450414514 452376278 456088361 470044029 450038439 461030683 491894941
907809 965235 933538 962714 987095 980149 963398 991299 936390 939915 972337 911226 997744 991307 954423 905785 933863 967251 946848 906766 958370 938102 959104 943645 974291 913705 980546 982058 976837 919737 967676 937366 981973 904849 913045 980689 957989 932815 956887 925843 934457 978626 985015 968834 941500 931252 932342 900894 972884 958836 900339 925741 998022 975490 996707 992011 967390 985892 926760 964535 992187 978070 962251 931000 949595 975695 949144 970283 960846 987285 947482 982025 900575 995094 925813 913080 908571 985197 989226 944796 944824 909419 996197 944557 983888 980937 982260 928052 951438 984939 938995 967237 937807 918674 933143 915665 937665 943595 949401 989355 986008 960133 939471 914471 951200 973876 902726 991814 913245 955604 973902 915993 995758 942385 991517 950624 945145 965774 938940 913299 962222 954031 935564 932051 962182 946068 995180 945721 957834 932896 974278 995942 965843 997231 952135 937274 999797 918492 909880 979600 934263 943331 995546 971710 911212 984973 912388 901278 983889 956297 940548 942717 953469 900696 901915 955303 914357 989132 982910 905671 904983 978672 951152 981403 938223 976162 912667 902155 959874 933715 911337 985629 959341 916763 910454 936657 913333 914650 995268 945334 931685 930251 900071 925469 961619 915868 902614 923447 990135 955067 939806 959695 932283 997387 905446 986218 941426 968191 931213 954576 916643 991122 924985 979039 955006 976959 916280 943482 920150 915789 965697 993066 913119 965314 998187 945282 951776 973163 924313 917566 979691 996295 973555 988605 927187 976717 960059 963378 954084 953544 904490 976421 979990 946625 994978 969642 999683 952434 965439 950683 998762 933302 938757 948600 988031 918064 977180 922718 991586 962243 941884 920339 986716 985459 924469 937358 946982 934985 973731 946995 985966 985251 909979 926614 954435 979825 993697 953338 935468 985766 942200 935014 979383 935701 939288 949322 959830 925175 943489 941205 924440 955426 934973 954740 995741 994088 985358 929101 975353 943247 986919 984524 918331 935503 967216 901168 962286 928190 965927 905911 925297 926025 999945 975813 919499 913006 906834 995136 942299 964581 970973 949393 928291 999728 934867 992665 973496 978959 956118 989575 969082 950750 964371 908586 995813 915933 946276 942011 951826 992590 925505 985821 910647 944619 965646 961619 971457 921989 951181 933253 999298 950681 932276 974098 974891 985158 940570 971225 903534 908500 916454 977799 907936 968264 980469 973109 972820 964795 958451 940484 901422 987913 928887 962621 941272 902926 988270 975564 915352 992344 990804 902452 926719 904294 937636 971081 942471 901732 927264 983715 972906 902932 917025 979842 997263 941110 992912 909938 983915 919451 948450 931394 912643 994180 988954 953437 987930 940923 958159 951401 911145 966261 968238 969414 985851 922378 950656 956790 970600 908504 928581 987476 966191 979248 992136 970355 904557 980722 953679 986535 938418 965450 975318 909677 933613 985297 920254 951130 924091 921022 912762 991317 983188 915281 993819 941551 998846 929830 940954 937609 913374 921146 907311 910678 922809 990997 941604 949674 901617 967914 934480 938062 970989 902908 950385 919946 941812 970498 912606 951141 964183 946272 907998 958512 945348 911834 922185 954493 980185 964669 968347 958833 974976 944001 902423 977425 914275 936367 936896 950912 922804 905382 976553 919569 973668 929904 905079 992307 966069 945212 963735 963629 946576 942826 972548 949203 980569 953999 951816 975899 961880 968348 926648 968633 969144 909087 967824 935695 920050 953377 907061 948903 954488 901818 922674 949113 900527 951814 923498 906868 979578 935931 912458 950225 973351 929984 992067 922752 937252 906170 960429 907767 955002 962186 913845 964299 939974 943843 903755 989861 936495 914628 981730 905560 995636 921869 930741 987320 948521 994078 986554 942327 904406 941785 977370 948946 927802 902787 918936 957026 907739 933189 919640 937172 930237 993531 990429 996914 983511 930995 978077 907754 967631 991190 983298 976392 958453 991442 933838 944235 934781 949185 969194 983694 934613 978608 930193 944659 921413 975174 906797 913404 916421 956631 996255 989180 933295 904787 990759 991189 969657 958654 980745 949472 996041 910835 923052 959926 903732 945860 998307 962219 986170 985642 972281 930293 984132 972784 993088 944780 928528 964595 950780 996849 992951 995722 954566 972028 938476 957319 960219 921431 927542 968867 978825 982926 911577 929331 982552 942212 945150 944235 946615 951822 960016 981724 901942 922252 901962 904376 986681 927340 996016 948938 921823 972960 993619 916488 947090 919625 916013 961863 952227 966990 913517 944418 922578 941456 932218 947643 919511 946364 960277 934577 985322 923607 982168 997947 961765 967815 987455 953775 935183 905277 929204 950656 914197 973101 930642 971196 972095 930028 989072 922625 962700 925443 973881 947125 957758 993091 963443 996008 937735 993564 954507 914739 905380 979765 964721 984324 942143 927079 969072 967286 989230 989012 963829 900264 936459 984229 974861 967266 995275 986708 927596 906588 946577 940861 971279 965093 993656 920119 913571 955881 980442 987749 933241 951086 985652 974343 910537 946244 943549 933317 903482 985779 913134 946964 968163 924534 982611 909506 941575 972281 956147 951325 978123 924875 993771 967018 945149 932876 987814 941824 931049 901677 966053 916045 938383 967525 952228 950121 933397 952839 978669 900086 908518 985830 905573 977730 991286 936438 901089 962176 987031 939408 917596 930267 929859 955328 904466 925994 986351 954109 959694 972799 990645 960048 961117 940257 909798 940923 921811 908620 938399 930607 927706 907868 937825 925615 995180 980313 965101 946192 951519 991774 982326 944457 998273 927611 969598 943878 961970 927901 915831 994655 900113 994611 985415 959731 938762 919124 918452 935100 986432 916032 993776 936968 986525 973183 914642 972005 930284 914864 940581 979199 935594 919536 903715 952630 963544 905455 976899 962279 962279 931573 934537 920554 998497 989390 959916 973478 980353 991254 937541 932219 971502 980167 925100 903667 919368 949546 925402 922737 923195 978556 967115 994551 901503 925796 953319 935349 966577 943699 958317 957634 962993 978085 964653 952408 962566 932692 905488 925882 945999 983095 967191 918218 902891 991660 911870 927639 999803 959012 923322 918273 928941 914410 977116 994695 990759 999430 984938 928146 902406 946156 924422 904485 993655 934254 936444 942726 925803 998919 972549 964070 903872 901347 914180 984794 913932 964514 906593 937337 948587 980568 959304 902210 906916 920958 956614 907058 939035 975633 998780 984208 903108 953658 933137 983009 912533 939650 988895 957351 985065 944533 992099 910680 919928 907617 955306 933853 905629 917579 913075 982900 959934 941965 973780 950804 906957 974842 993966 922141 934789 973064 982307 941195 911846 946795 906806 973245 923253 987645 912055 911000 963505 938633 915562 956447 934253 923873 950641 981402 977898 971270 946349 982073 962445 907329
766 283 898 701 508 397 21 486 989 458 847 702 357 746 681 871 637 239 790 339 747 223 268 44 846 591 39 449 307 918 603 832 148 656 164 118 129 192 195 465 837 669 191 849 267 706 614 392 266 867 759 644 642 68 653 802 358 729 344 130 43 994 975 803 707 689 326 394 502 694 100 724 318 189 494 643 592 390 360 137 977 757 719 82 123 0 280 892 377 711 173 154 488 133 380 762 568 372 536 951 528 855 327 33 549 272 246 893 772 155 859 904 120 498 521 454 346 824 356 911 620 684 731 952 114 579 713 315 852 263 983 964 587 102 886 794 34 588 500 496 444 939 134 101 710 899 389 391 331 441 404 518 705 447 296 659 921 237 763 959 930 950 703 25 986 938 51 215 883 497 940 111 990 78 786 273 576 186 758 961 350 765 655 210 308 630 604 142 425 411 228 612 547 739 430 52 333 611 455 443 250 774 817 740 534 639 364 348 48 972 281 499 253 402 590 432 69 511 987 1 838 674 395 661 80 426 373 270 672 156 593 334 902 145 379 362 322 23 773 795 515 490 459 596 946 624 24 262 30 446 745 905 700 797 779 632 654 526 728 138 778 17 581 258 699 641 621 613 567 41 413 909 57 255 61 112 128 997 190 209 764 63 159 340 475 469 792 732 718 36 149 769 167 980 245 323 820 302 752 40 870 170 970 965 784 312 355 140 205 226 378 992 227 45 944 359 166 646 978 749 238 165 8 399 59 289 387 366 799 260 969 780 929 310 132 722 516 830 222 813 564 966 179 814 617 84 673 64 457 451 385 601 416 556 408 178 522 833 638 347 183 247 288 529 175 948 629 995 471 160 514 831 304 72 856 971 812 777 633 370 53 675 311 434 879 670 696 276 585 248 375 575 957 306 507 523 751 597 12 329 801 292 104 419 912 783 941 760 303 962 562 605 269 982 22 341 815 553 583 527 450 275 685 316 704 431 743 650 565 249 693 864 427 756 119 86 265 618 158 668 125 631 97 351 647 233 709 810 386 174 81 225 610 193 438 955 906 682 484 452 663 723 858 94 671 168 294 574 477 935 665 271 16 393 925 548 628 690 572 660 14 730 328 695 420 862 96 198 598 50 887 897 532 677 834 201 65 437 825 71 428 150 600 492 287 286 219 254 482 169 479 691 300 224 680 845 922 916 973 321 76 767 584 748 212 956 180 920 582 890 256 915 361 524 487 658 88 75 578 4 505 18 217 942 506 580 290 336 231 181 999 636 891 493 495 214 466 744 662 152 914 504 796 991 92 551 456 66 586 422 383 440 877 900 6 285 806 463 657 535 753 510 319 798 928 442 878 55 531 19 937 49 841 908 640 467 202 619 545 244 79 382 187 139 368 461 342 882 83 161 649 517 809 73 954 984 324 768 537 998 550 559 337 823 863 208 716 720 727 403 62 888 667 297 126 688 445 552 967 10 742 945 615 737 31 958 538 717 714 464 913 423 476 305 933 513 141 558 485 645 435 369 974 826 46 775 213 147 338 789 376 353 953 750 381 821 844 686 99 827 371 573 860 229 473 282 354 116 274 243 107 240 866 103 848 869 791 512 733 480 811 194 683 216 474 602 949 501 509 26 850 106 932 343 417 725 595 865 491 185 232 607 279 407 616 835 236 453 800 295 113 197 979 349 400 56 988 816 409 204 543 468 755 736 976 721 754 853 206 927 934 896 960 35 314 907 298 67 121 577 608 405 365 93 115 230 894 560 738 98 424 363 923 188 74 843 388 401 309 117 259 313 196 332 131 60 540 818 854 317 566 89 251 87 291 199 211 594 926 943 761 819 985 589 541 599 32 561 555 177 881 200 20 735 842 396 708 109 697 851 384 277 781 460 622 895 77 433 793 481 252 625 554 108 698 741 609 782 533 429 839 875 54 284 221 919 90 679 785 788 569 462 666 220 478 570 557 144 410 805 2 836 996 489 38 530 884 627 110 692 861 687 439 352 42 105 29 207 544 874 325 635 963 840 135 968 345 808 176 436 712 993 127 936 11 3 807 546 241 776 151 606 47 398 415 143 931 770 787 27 868 218 664 15 873 91 903 715 28 330 153 367 234 124 829 9 242 519 828 520 539 563 264 910 876 981 257 634 623 771 857 571 171 652 822 472 58 162 726 157 146 406 301 70 901 542 525 261 483 5 651 678 136 7 85 184 626 235 804 889 676 648 203 374 947 172 924 421 320 470 182 885 418 122 335 880 917 414 448 13 872 293 503 37 412 278 95 734 299 163
1000
1091 873 270 214 500000463 368 639 499999980 502 185 499999769 499999875 100 455 321 500000258 499999848 898 519 154 1082 500000421 499999630 499999931 1055 145 782 575 863 499999832 927 267 500000237 716 585 499999792 40 259 499999830 500000442 499999879 500000444 500000436 499999537 500000134 499999809 563 499999729 500000270 377 500000142 336 34 633 499999940 499999749 499999894 723 499999619 533 260 499999543 500000277 1024 205 499999516 500000456 294 500000198 890 743 152 500000019 500000154 672 500000083 499999508 500000408 499999458 500000113 221 420 500000522 4 500000031 187 500000214 780 699 724 499999958 500000217 499999494 500000005 524 429 243 499999877 543 500000457 783 357 499999477 499999497 499999659 938 499999540 657 271 499999805 499999739 500000422 889 499999614 709 500000358 499999836 499999853 500000471 2 500000470 246 500000100 499999831 500000079 393 23 499999760 500000032 499999500 499999986 434 499999987 167 499999468 732 500000446 345 366 499999892 392 500000081 1060 47 514 518 500000384 921 500000049 86 858 500000006 500000252 1086 16 501 500000095 500000271 499999946 301 819 499999547 499999546 499999528 184 1080 500000304 549 500000538 500000112 500000028 70 499999548 43 499999921 359 500000218 500000455 499999840 500000389 499999789 499999900 499999793 500000014 209 130 438 499999725 499999782 753 231 740 62 1004 499999884 499999932 499999490 789 188 523 273 499999510 499999712 500000008 375 159 500000527 499999514 786 499999560 499999536 499999647 414 499999865 861 500000423 867 499999462 499999531 499999558 499999457 500000450 329 403 104 503 500000260 540 499999703 499999592 984 1038 830 500000023 500000351 690 499999613 178 808 389 500000425 499999923 463 323 499999825 500000530 239 500000109 652 713 827 1088 876 500000364 910 397 934 683 500000204 419 499999612 499999559 1102 500000468 500000062 499999677 899 499999666 499999949 500000164 868 500000321 500000168 499999881 500000414 499999742 604 500000058 499999598 24 661 496 642 648 499999529 500000477 500000074 499999643 500000180 499999874 1099 500000333 499999934 247 1093 500000219 721 499999689 500000131 1034 255 860 500000183 499999733 500000297 499999646 500000200 499999764 500000543 511 500000550 286 752 849 499999467 3 499999925 232 996 499999610 499999551 950 46 499999864 446 799 500000435 816 378 953 500000491 219 499999747 81 1033 500000367 499999957 234 499999545 1035 577 500000129 595 500000400 500000506 499999994 499999784 500000067 249 548 138 499999642 196 499999740 499999745 499999517 499999621 658 499999524 499999690 22 955 722 847 499999995 500000194 499999651 461 500000094 500000233 936 173 500000334 500000136 504 917 500000292 235 475 500000063 499999639 622 500000508 347 460 499999890 1065 500000025 499999969 675 499999791 310 499999821 832 500000449 500000262 759 29 500000267 1052 881 500000122 500000123 52 500000078 774 926 456 854 499999625 499999523 493 584 144 966 500000472 796 748 500000294 150 599 500000393 499999727 444 499999816 967 303 943 833 754 499999854 499999569 505 500000084 500000051 44 534 500000499 1097 499999596 603 499999635 668 535 500000244 1046 835 379 113 975 797 500000524 500000293 480 877 865 295 499999678 49 500000356 500000378 499999685 500000532 499999944 499999665 369 499999935 499999631 990 256 418 324 831 499999570 712 499999606 662 500000428 500000337 413 787 499999586 338 499999572 201 500000178 390 762 904 142 500000043 500000411 1025 439 500000054 317 500000240 1090 471 380 208 761 527 499999669 598 500000461 499999901 500000009 499999795 304 516 587 314 499999843 829 911 127 500000286 750 1061 499999833 308 279 500000065 942 6 499999672 500000283 1020 442 853 638 499999790 500000511 892 499999518 302 316 499999454 222 37 499999691 499999589 551 499999699 500000193 500000216 500000502 500000426 500000331 500000288 500000037 386 499999541 500000264 937 1064 500000441 332 281 919 56 499999693 499999499 500000324 331 499999615 500000072 500000352 500000459 650 593 802 499999532 544 500000029 806 678 500000328 427 499999456 499999801 500000460 1044 500000525 499999847 500000070 499999604 499999903 704 500000403 1058 499999466 500000467 500000119 499999857 499999644 358 500000291 500000332 500000213 499999700 500000184 941 500000250 500000215 947 500000300 500000549 923 330 374 500000462 500000175 528 500000373 500000116 500000098 792 57 916 500000004 499999927 500000055 688 146 949 105 500000485 500000355 499999819 500000001 989 1041 499999513 933 499999811 500000335 499999812 500000374 499999926 39 226 449 494 542 500000319 908 500000381 499999504 702 499999885 730 571 499999607 135 957 499999979 1051 499999578 500000432 500000275 499999939 814 117 499999582 467 168 869 499999783 590 700 617 499999718 131 32 607 669 499999662 500000247 77 500000108 499999996 307 499999503 499999886 93 499999975 499999626 306 499999581 564 510 289 631 353 15 499999557 499999482 961 499999961 500000256 597 500000342 499999550 499999966 529 500000073 500000363 169 558 73 1049 500000225 499999918 500000086 880 126 500000254 499999563 499999509 26 274 739 500000349 175 666 462 268 30 1077 499999896 561 550 499999697 500000085 701 500000505 264 288 499999775 71 998 283 500000545 500000481 553 499999721 665 411 499999734 371 385 500000090 742 500000401 72 628 500000061 500000290 838 473 364 499999469 500000138 499999687 174 203 365 859 499999859 500000427 499999638 763 479 237 596 171 499999655 655 500000371 500000146 779 500000395 500000417 297 499999948 151 500000186 499999761 500000068 499999872 258 499999588 1003 468 1026 515 804 500000105 1072 275 758 499999702 499999567 466 671 500000261 500000405 982 407 488 148 499999682 775 500000041 498 647 1074 825 499999573 694 500000354 499999748 499999933 871 1015 500000301 772 727 500000266 500000209 500000177 499999974 500000520 894 499999640 718 725 499999741 21 103 500000458 500000160 500000336 500000182 991 573 500000478 122 499999971 500000128 499999539 653 1084 66 499999611 785 1063 500000466 448 971 499999777 500000133 500000239 119 1040 257 823 500000190 500000488 153 499999880 305 499999845 465 499999711 500000206 568 913 25 824 981 500000103 500000011 500000515 500000476 183 499999906 309 988 626 453 500000157 793 499999629 1031 1092 499999938 500000021 499999804 499999889 500000345 500000027 499999701 850 1047 500000516 500000038 58 499999565 500000340 499999771 897 499999502 960 500000503 500000147 282 500000243 586 499999822 31 395 499999661 354 215 963 351 994 499999667 500000377 500000536 500000205 800 499999768 500000413 1069 499999460 985 160 179 500000479 500000394 499999726 500000315 261 499999907 409 499999544 500000196 499999899 1037 245 500000069 500000060 499999882 500000159 125 499999648 141 810 499999564 204 539 500000547 532 500000517 500000227 348 499999767 224 266 499999676 499999534 36 10 337 156 500000313 720 958 500000230 63 400 499999873 500000092 500000166 499999774 417 78 499999463 499999641 980 714 500000418 499999583 601 931 499999556
2 2 2 2 1 2 2 1 2 2 1 1 2 2 2 1 1 2 2 2 2 1 1 1 2 2 2 2 2 1 2 2 1 2 2 1 2 2 1 1 1 1 1 1 1 1 2 1 1 2 1 2 2 2 1 1 1 2 1 2 2 1 1 2 2 1 1 2 1 2 2 2 1 1 2 1 1 1 1 1 2 2 1 2 1 2 1 2 2 2 1 1 1 1 2 2 2 1 2 1 2 2 1 1 1 2 1 2 2 1 1 1 2 1 2 1 1 1 1 2 1 2 1 1 1 2 2 1 1 1 1 2 1 2 1 2 1 2 2 1 2 1 2 2 2 2 1 2 1 2 2 1 1 2 2 2 1 1 1 2 2 1 1 1 2 2 1 2 1 1 1 2 1 2 1 2 1 1 1 1 1 1 1 1 2 2 2 1 1 2 2 2 2 2 1 1 1 2 2 2 2 1 1 1 2 2 1 1 2 1 1 1 2 1 2 1 2 1 1 1 1 1 2 2 2 2 1 2 1 1 2 2 2 1 1 2 1 2 2 2 1 1 2 2 1 1 2 1 2 2 2 2 2 1 2 2 2 2 1 2 1 1 2 1 1 1 2 1 1 1 2 1 1 1 1 1 2 1 1 2 2 2 2 2 1 1 1 1 1 1 2 1 1 2 2 1 2 1 1 2 2 2 1 1 1 1 1 1 1 2 1 2 2 2 1 2 1 2 2 1 1 2 2 1 2 2 1 2 2 2 1 2 1 2 2 1 1 2 1 2 2 1 2 1 1 1 1 1 2 2 2 1 2 1 1 1 1 2 1 1 2 2 2 2 1 1 1 2 1 1 2 2 1 1 2 2 1 2 2 1 1 2 1 2 2 1 2 1 1 2 1 2 1 2 1 1 2 2 1 2 2 1 1 2 1 2 2 2 2 1 1 2 2 2 2 1 2 2 1 2 2 1 1 2 1 2 2 2 2 2 1 1 2 1 1 2 2 1 2 1 2 1 2 2 1 2 2 2 2 2 2 1 1 2 2 2 2 1 2 1 1 1 1 1 1 2 1 1 2 2 2 2 2 1 2 1 2 1 1 2 2 1 2 1 2 1 2 2 2 2 1 1 2 2 1 2 1 2 2 2 2 2 2 1 2 1 1 1 1 2 2 2 2 1 2 2 2 1 2 2 1 2 2 1 2 2 1 1 2 2 2 2 1 1 2 1 2 2 1 2 2 1 1 2 1 1 1 1 1 1 1 1 2 1 1 2 2 1 2 2 2 2 1 1 1 2 1 1 1 1 2 2 2 1 2 1 2 2 1 2 1 1 1 2 1 1 1 1 1 2 1 2 1 1 1 1 1 2 1 1 1 1 1 2 1 1 2 1 1 2 2 2 1 1 2 1 1 1 2 2 2 1 1 1 2 2 2 2 1 1 1 1 2 2 1 2 1 1 1 1 1 2 2 2 2 2 1 2 1 1 2 1 2 2 1 2 2 1 2 1 1 1 1 2 2 1 2 2 2 1 2 2 2 1 2 2 2 2 1 1 2 1 1 2 1 1 2 1 1 2 1 2 2 2 2 2 2 1 1 2 1 1 2 1 1 1 2 1 1 2 2 2 2 1 1 1 2 2 1 1 1 2 2 2 1 2 2 2 2 2 2 1 2 2 1 1 2 1 2 2 1 2 2 2 1 1 2 1 2 2 1 2 2 1 2 1 2 2 1 1 2 2 2 1 1 1 2 2 2 2 1 1 1 2 2 2 2 2 1 2 1 1 2 1 1 2 1 2 1 1 1 1 2 1 2 2 2 2 2 1 2 2 2 1 1 2 2 1 1 2 2 2 2 1 2 1 2 2 2 2 1 2 1 1 1 2 2 1 2 2 1 1 1 1 1 2 1 2 2 1 2 2 1 1 1 1 2 2 1 2 1 1 1 2 2 2 1 2 2 1 2 2 1 1 1 2 2 2 2 1 1 2 1 2 1 2 1 1 2 2 2 2 2 1 1 1 1 2 1 2 2 2 2 1 2 1 2 2 1 1 1 1 1 1 1 2 2 1 1 2 1 1 1 2 1 2 1 1 2 1 2 1 2 2 1 2 2 2 2 2 1 1 1 1 2 1 1 2 1 2 2 2 1 1 1 1 2 1 2 1 1 1 2 2 1 1 1 1 2 1 2 2 1 2 2 1 2 1 1 2 1 2 2 1 1 2 2 2 2 1 2 2 1 2 2 1 1 1 1 2 2 1 1 2 2 1 1 2 2 1
10 208 749 802 80 658 416 512 537 828 701 607 909 578 700 265 628 186 523 859 18 119 832 555 43 868 292 474 218 643 160 752 286 352 465 680 965 759 645 98 603 96 104 920 375 665 483 739 254 649 370 686 969 422 547 720 588 345 843 510 758 915 247 71 809 939 87 726 322 193 327 861 479 361 385 421 947 131 992 393 795 611 26 997 468 826 306 294 366 344 532 303 961 490 519 604 775 605 502 86 291 668 975 958 805 150 918 400 748 669 730 118 194 848 359 176 639 625 73 999 74 772 406 644 425 634 979 709 467 955 507 599 506 846 983 336 94 678 660 590 635 423 38 959 528 524 153 166 451 922 222 489 271 15 986 538 411 253 542 719 255 911 912 928 829 20 223 496 12 394 470 936 910 963 564 666 302 88 636 149 683 582 679 481 806 882 595 743 689 318 787 330 944 89 598 554 964 285 825 520 746 945 755 487 651 854 21 941 288 899 921 815 617 615 219 117 214 989 925 901 993 91 693 626 905 536 263 504 764 870 107 57 245 475 183 371 849 835 266 638 115 562 571 698 650 19 779 397 405 355 248 13 206 171 175 630 154 377 316 612 850 900 0 76 440 789 185 799 539 353 213 209 349 601 125 727 447 443 864 978 396 543 414 409 927 67 429 819 337 608 3 199 552 771 8 301 347 778 378 61 763 220 334 735 230 816 320 706 7 530 1 733 319 229 984 998 560 786 95 852 907 140 960 616 587 275 105 258 648 137 53 797 722 926 62 168 533 784 913 60 472 379 456 139 41 500 687 436 769 497 875 820 817 729 724 938 841 399 931 777 980 135 346 231 499 325 812 573 412 290 152 840 198 374 535 169 234 783 561 439 823 432 39 676 574 592 33 473 522 382 681 710 654 243 92 261 312 974 256 46 202 384 383 954 426 299 161 577 224 837 932 546 466 869 124 72 278 323 232 863 452 145 741 589 659 123 717 146 242 317 624 891 534 420 449 962 509 48 5 866 448 827 389 508 279 51 240 647 898 116 277 24 233 556 205 216 725 788 957 178 158 782 17 544 800 657 551 831 101 762 613 697 244 890 356 856 395 112 195 618 287 876 684 888 813 339 637 309 181 871 457 128 70 594 446 704 283 11 565 646 807 310 516 796 453 82 581 486 677 716 526 463 707 633 246 174 884 239 321 37 642 712 740 438 147 995 793 241 75 591 225 417 682 36 191 937 718 705 996 794 967 776 873 494 768 326 304 45 114 201 237 462 640 917 259 151 34 99 690 738 167 950 774 956 207 691 847 431 182 84 407 458 272 924 501 469 268 381 204 606 994 673 83 52 23 629 433 858 579 362 136 40 985 77 387 622 818 667 235 200 307 767 333 148 273 305 142 227 2 164 692 652 81 342 515 163 390 408 282 949 170 491 558 445 373 867 141 904 59 179 656 493 102 54 942 155 664 197 663 162 559 966 791 584 545 503 211 177 156 951 363 597 338 478 855 877 133 513 47 883 108 249 548 260 894 879 568 845 212 688 460 365 437 750 881 971 444 388 803 276 930 398 498 713 952 596 916 517 836 714 880 482 531 731 424 672 987 902 970 129 529 267 454 190 908 525 514 430 172 844 488 933 49 297 566 418 203 885 269 897 946 976 745 331 184 838 391 572 751 973 22 586 485 495 770 419 364 42 754 732 695 935 93 736 6 63 492 747 392 619 734 655 641 415 328 138 934 427 441 236 238 563 662 982 372 780 839 811 661 221 620 113 824 308 557 781 455 842 808 402 165 368 295 143 122 723 540 862 332 708 435 610 760 874 90 567 69 527 270 401 27 744 313 765 893 569 386 262 134 109 623 550 865 785 298 459 541 410 25 250 887 369 180 721 553 210 79 226 300 341 257 311 340 518 28 189 822 350 343 728 981 906 85 357 196 335 100 476 66 889 521 380 919 404 16 940 851 289 35 78 585 120 694 376 284 892 55 761 252 329 56 860 602 715 631 570 756 314 480 173 977 251 110 403 484 32 68 830 576 711 103 428 580 360 281 833 64 9 549 477 670 593 188 471 766 228 50 31 461 948 895 192 699 187 953 130 44 367 737 280 464 653 972 632 804 671 801 127 674 97 798 159 14 315 274 702 126 29 990 106 853 834 65 144 742 215 757 575 621 914 324 583 58 773 434 442 600 358 886 814 872 264 896 810 505 4 511 30 296 675 703 792 753 790 923 968 991 685 857 217 348 132 293 943 627 609 413 351 696 614 929 988 821 111 354 121 878 450 157 903
