65
50 10 34 13 33 14 5 24 64 63 26 1 47 2 7 65 41 46 3 4 6 8 9 11 12 15 16 17 18 19 20 21 22 23 25 27 28 29 30 31 32 35 36 37 38 39 40 42 43 44 45 48 49 51 52 53 54 55 56 57 58 59 60 61 62

10 34 13 33 14 5 24 64 63 26 1 47 2 7 65 41 46 3 4 6 8 9 11 12 15 16 17 18 19 20 21 22 23 25 27 28 29 30 31 32 35 36 37 38 39 40 42 43 44 45 48 49 50 51 52 53 54 55 56 57 58 59 60 61 62

34 13 33 14 5 24 64 63 26 1 47 2 7 65 41 46 3 4 6 8 9 10 11 12 15 16 17 18 19 20 21 22 23 25 27 28 29 30 31 32 35 36 37 38 39 40 42 43 44 45 48 49 50 51 52 53 54 55 56 57 58 59 60 61 62

13 33 14 5 24 64 63 26 1 47 2 7 65 41 46 3 4 6 8 9 10 11 12 15 16 17 18 19 20 21 22 23 25 27 28 29 30 31 32 34 35 36 37 38 39 40 42 43 44 45 48 49 50 51 52 53 54 55 56 57 58 59 60 61 62

33 14 5 24 64 63 26 1 47 2 7 65 41 46 3 4 6 8 9 10 11 12 13 15 16 17 18 19 20 21 22 23 25 27 28 29 30 31 32 34 35 36 37 38 39 40 42 43 44 45 48 49 50 51 52 53 54 55 56 57 58 59 60 61 62

14 5 24 64 63 26 1 47 2 7 65 41 46 3 4 6 8 9 10 11 12 13 15 16 17 18 19 20 21 22 23 25 27 28 29 30 31 32 33 34 35 36 37 38 39 40 42 43 44 45 48 49 50 51 52 53 54 55 56 57 58 59 60 61 62

5 24 64 63 26 1 47 2 7 65 41 46 3 4 6 8 9 10 11 12 13 14 15 16 17 18 19 20 21 22 23 25 27 28 29 30 31 32 33 34 35 36 37 38 39 40 42 43 44 45 48 49 50 51 52 53 54 55 56 57 58 59 60 61 62

24 64 63 26 1 47 2 7 65 41 46 3 4 5 6 8 9 10 11 12 13 14 15 16 17 18 19 20 21 22 23 25 27 28 29 30 31 32 33 34 35 36 37 38 39 40 42 43 44 45 48 49 50 51 52 53 54 55 56 57 58 59 60 61 62

64 63 26 1 47 2 7 65 41 46 3 4 5 6 8 9 10 11 12 13 14 15 16 17 18 19 20 21 22 23 24 25 27 28 29 30 31 32 33 34 35 36 37 38 39 40 42 43 44 45 48 49 50 51 52 53 54 55 56 57 58 59 60 61 62

63 26 1 47 2 7 65 41 46 3 4 5 6 8 9 10 11 12 13 14 15 16 17 18 19 20 21 22 23 24 25 27 28 29 30 31 32 33 34 35 36 37 38 39 40 42 43 44 45 48 49 50 51 52 53 54 55 56 57 58 59 60 61 62 64

26 1 47 2 7 65 41 46 3 4 5 6 8 9 10 11 12 13 14 15 16 17 18 19 20 21 22 23 24 25 27 28 29 30 31 32 33 34 35 36 37 38 39 40 42 43 44 45 48 49 50 51 52 53 54 55 56 57 58 59 60 61 62 63 64

1 47 2 7 65 41 46 3 4 5 6 8 9 10 11 12 13 14 15 16 17 18 19 20 21 22 23 24 25 26 27 28 29 30 31 32 33 34 35 36 37 38 39 40 42 43 44 45 48 49 50 51 52 53 54 55 56 57 58 59 60 61 62 63 64

1 47 2 7 65 41 46 3 4 5 6 8 9 10 11 12 13 14 15 16 17 18 19 20 21 22 23 24 25 26 27 28 29 30 31 32 33 34 35 36 37 38 39 40 42 43 44 45 48 49 50 51 52 53 54 55 56 57 58 59 60 61 62 63 64

