20 0
744 372 156 389 792 196 723 533 994 945 193 891 390 723 40 610 922 35 228 464
312 567 82 769 315 527 695 149 446 86 747 274 470 462 158 945 504 447 799 56
207 719 40 701 184 85 728 322 188 776 45 184 756 557 871 885 30 308 803 477
734 363 303 961 541 456 335 162 319 916 558 487 631 281 294 444 582 229 704 295
912 751 610 778 559 720 572 942 737 112 236 436 89 958 218 745 390 650 721 533
418 444 807 320 691 655 601 302 423 876 377 340 107 363 366 567 138 454 321 720
222 702 420 941 486 721 803 84 83 821 432 8 457 47 8 884 593 344 897 919
493 533 16 303 98 295 44 71 121 332 643 561 641 59 536 833 312 412 285 741
1000 493 287 676 295 325 751 801 915 71 403 869 45 416 18 121 580 178 400 743
338 512 454 371 990 176 317 155 160 376 288 300 618 202 711 83 738 995 808 260
69 835 102 863 542 794 228 767 553 394 681 962 94 795 855 356 306 794 256 82
625 337 84 856 994 175 833 712 323 678 814 748 252 117 733 602 180 317 616 511
391 600 951 40 900 569 808 283 531 870 871 783 242 133 342 120 21 706 330 441
797 321 322 519 821 882 852 660 836 13 278 187 509 140 503 960 471 867 930 219
380 373 696 294 226 985 383 578 698 249 435 348 849 514 279 452 178 575 244 336
855 27 763 929 694 905 716 892 262 570 759 266 943 23 561 382 56 695 920 746
66 331 344 971 167 696 284 931 565 185 983 65 791 618 212 697 304 731 661 681
139 941 959 617 879 18 784 946 891 713 318 235 539 901 806 454 855 421 594 164
62 123 163 273 935 158 689 221 538 737 233 361 234 354 111 499 424 41 236 613
355 337 72 690 367 182 119 197 749 888 324 398 592 344 434 994 516 137 176 60
